:Product: 202012_ace_swepam_1h.txt
:Issued: 2021 Jan 01 0510 UT
# Prepared by the U.S. Dept. of Commerce, NOAA, Space Weather Prediction Center
# Please send comments and suggestions to SWPC.Webmaster@noaa.gov 
# 
# Units: Proton density p/cc
# Units: Bulk speed km/s
# Units: Ion tempeture degrees K
# Status(S): 0 = nominal data, 1 to 8 = bad data record, 9 = no data
# Missing data values: Density and Speed = -9999.9, Temp. = -1.00e+05
# Source: ACE Satellite - Solar Wind Electron Proton Alpha Monitor
#
#   Hourly Averaged Real-time Bulk Parameters of the Solar Wind Plasma
# 
#                Modified Seconds   -------------  Solar Wind  -----------
# UT Date   Time  Julian  of the          Proton      Bulk         Ion
# YR MO DA  HHMM    Day     Day     S    Density     Speed     Temperature
#-------------------------------------------------------------------------
2020 12 01  0000   59184       0    1        2.0      430.7     1.71e+05
2020 12 01  0100   59184    3600    0        1.4      409.7     1.24e+05
2020 12 01  0200   59184    7200    0        0.7      422.6     1.05e+05
2020 12 01  0300   59184   10800    1        0.6      412.6     1.08e+05
2020 12 01  0400   59184   14400    0        0.6      404.4     1.15e+05
2020 12 01  0500   59184   18000    0        0.6      390.3     1.06e+05
2020 12 01  0600   59184   21600    0        0.6      408.2     1.23e+05
2020 12 01  0700   59184   25200    0        0.6      407.5     1.56e+05
2020 12 01  0800   59184   28800    0        0.7      387.2     1.51e+05
2020 12 01  0900   59184   32400    0        0.7      398.2     1.32e+05
2020 12 01  1000   59184   36000    1        0.6      405.3     1.75e+05
2020 12 01  1100   59184   39600    1        0.6      394.1     1.70e+05
2020 12 01  1200   59184   43200    0        0.7      409.9     1.29e+05
2020 12 01  1300   59184   46800    0        0.6      417.0     1.48e+05
2020 12 01  1400   59184   50400    0        0.7      416.7     1.47e+05
2020 12 01  1500   59184   54000    0        0.7      411.2     1.69e+05
2020 12 01  1600   59184   57600    1        0.6      436.6     1.47e+05
2020 12 01  1700   59184   61200    1        0.8      449.4     1.48e+05
2020 12 01  1800   59184   64800    0        0.8      441.1     1.50e+05
2020 12 01  1900   59184   68400    1        0.7      428.4     1.46e+05
2020 12 01  2000   59184   72000    9    -9999.9    -9999.9    -1.00e+05
2020 12 01  2100   59184   75600    9    -9999.9    -9999.9    -1.00e+05
2020 12 01  2200   59184   79200    9    -9999.9    -9999.9    -1.00e+05
2020 12 01  2300   59184   82800    9    -9999.9    -9999.9    -1.00e+05
2020 12 02  0000   59185       0    0       66.9      375.9     2.30e+05
2020 12 02  0100   59185    3600    0        8.0      401.4     2.26e+05
2020 12 02  0200   59185    7200    1        0.8      396.0     1.55e+05
2020 12 02  0300   59185   10800    0        0.4      425.4     1.12e+05
2020 12 02  0400   59185   14400    0        0.5      423.6     1.11e+05
2020 12 02  0500   59185   18000    0        0.7      415.5     1.41e+05
2020 12 02  0600   59185   21600    1        1.1      402.0     1.29e+05
2020 12 02  0700   59185   25200    1        0.9      403.2     1.54e+05
2020 12 02  0800   59185   28800    0        1.6      405.0     9.33e+04
2020 12 02  0900   59185   32400    0        1.7      411.6     5.11e+04
2020 12 02  1000   59185   36000    0        2.3      423.4     6.20e+04
2020 12 02  1100   59185   39600    0        2.3      418.3     5.97e+04
2020 12 02  1200   59185   43200    0        2.7      418.4     7.22e+04
2020 12 02  1300   59185   46800    0        4.6      422.6     4.92e+04
2020 12 02  1400   59185   50400    0        4.7      411.6     4.99e+04
2020 12 02  1500   59185   54000    0        5.0      418.6     5.76e+04
2020 12 02  1600   59185   57600    0        5.2      423.6     6.88e+04
2020 12 02  1700   59185   61200    0        3.9      417.2     8.90e+04
2020 12 02  1800   59185   64800    3    -9999.9    -9999.9    -1.00e+05
2020 12 02  1900   59185   68400    0        3.3      411.0     1.23e+05
2020 12 02  2000   59185   72000    9    -9999.9    -9999.9    -1.00e+05
2020 12 02  2100   59185   75600    9    -9999.9    -9999.9    -1.00e+05
2020 12 02  2200   59185   79200    0        2.5      407.2     8.73e+04
2020 12 02  2300   59185   82800    0        2.2      402.7     8.56e+04
2020 12 03  0000   59186       0    1        2.3      394.8     9.01e+04
2020 12 03  0100   59186    3600    0        2.2      387.0     7.88e+04
2020 12 03  0200   59186    7200    0        2.3      388.4     6.31e+04
2020 12 03  0300   59186   10800    0        2.4      385.2     4.64e+04
2020 12 03  0400   59186   14400    0        2.3      374.9     4.09e+04
2020 12 03  0500   59186   18000    0        2.2      369.4     3.64e+04
2020 12 03  0600   59186   21600    0        4.3      361.9     3.41e+04
2020 12 03  0700   59186   25200    0        2.3      363.6     2.86e+04
2020 12 03  0800   59186   28800    9    -9999.9    -9999.9    -1.00e+05
2020 12 03  0900   59186   32400    0        3.2      363.5     2.07e+04
2020 12 03  1000   59186   36000    0        2.5      361.2     2.31e+04
2020 12 03  1100   59186   39600    0        3.1      360.2     2.46e+04
2020 12 03  1200   59186   43200    0        2.1      364.2     2.04e+04
2020 12 03  1300   59186   46800    0        3.2      364.9     1.30e+04
2020 12 03  1400   59186   50400    0        3.2      359.6     1.71e+04
2020 12 03  1500   59186   54000    0        1.2      365.5     3.39e+04
2020 12 03  1600   59186   57600    0        1.2      363.7     3.35e+04
2020 12 03  1700   59186   61200    0        0.7      364.4     8.08e+04
2020 12 03  1800   59186   64800    1        0.5      369.0     1.01e+05
2020 12 03  1900   59186   68400    0        0.6      354.4     5.14e+04
2020 12 03  2000   59186   72000    9    -9999.9    -9999.9    -1.00e+05
2020 12 03  2100   59186   75600    9    -9999.9    -9999.9    -1.00e+05
2020 12 03  2200   59186   79200    0        0.8      355.8     7.83e+04
2020 12 03  2300   59186   82800    0        0.1      405.6     1.03e+05
2020 12 04  0000   59187       0    0        0.5      364.7     6.58e+04
2020 12 04  0100   59187    3600    0        0.6      370.9     5.20e+04
2020 12 04  0200   59187    7200    1        0.7      372.4     5.32e+04
2020 12 04  0300   59187   10800    0        0.7      369.6     5.37e+04
2020 12 04  0400   59187   14400    0        0.4      353.7     4.64e+04
2020 12 04  0500   59187   18000    0        0.5      356.9     4.50e+04
2020 12 04  0600   59187   21600    1        0.5      355.9     4.62e+04
2020 12 04  0700   59187   25200    1        0.4      361.9     5.95e+04
2020 12 04  0800   59187   28800    0        0.0      407.1     1.19e+05
2020 12 04  0900   59187   32400    0        0.2      368.5     9.27e+04
2020 12 04  1000   59187   36000    1        0.3      366.6     7.59e+04
2020 12 04  1100   59187   39600    0        0.2      373.8     7.93e+04
2020 12 04  1200   59187   43200    1        0.6      354.7     4.43e+04
2020 12 04  1300   59187   46800    1        0.2      366.8     8.77e+04
2020 12 04  1400   59187   50400    1        0.5      355.3     5.79e+04
2020 12 04  1500   59187   54000    0        0.3      358.3     6.97e+04
2020 12 04  1600   59187   57600    1        0.1      381.2     1.11e+05
2020 12 04  1700   59187   61200    1        0.1      394.2     1.08e+05
2020 12 04  1800   59187   64800    0        0.1      384.1     9.10e+04
2020 12 04  1900   59187   68400    1        0.0      396.9     1.33e+05
2020 12 04  2000   59187   72000    0        0.1      331.2     9.28e+04
2020 12 04  2100   59187   75600    0        0.1      348.2     1.18e+05
2020 12 04  2200   59187   79200    1        0.2      363.8     1.35e+05
2020 12 04  2300   59187   82800    0        0.6      341.8     7.83e+04
2020 12 05  0000   59188       0    0        0.1      342.1     8.49e+04
2020 12 05  0100   59188    3600    1        0.1      368.5     9.53e+04
2020 12 05  0200   59188    7200    0        0.1      352.1     7.57e+04
2020 12 05  0300   59188   10800    0        0.1      370.9     8.53e+04
2020 12 05  0400   59188   14400    1        0.1      365.9     7.64e+04
2020 12 05  0500   59188   18000    0        0.4      343.7     7.82e+04
2020 12 05  0600   59188   21600    0        0.8      364.8     5.77e+04
2020 12 05  0700   59188   25200    0        1.1      344.2     4.52e+04
2020 12 05  0800   59188   28800    0        0.4      329.1     3.24e+04
2020 12 05  0900   59188   32400    0        1.2      339.8     2.73e+04
2020 12 05  1000   59188   36000    1        1.1      368.9     7.23e+04
2020 12 05  1100   59188   39600    0        1.4      386.7     8.31e+04
2020 12 05  1200   59188   43200    0        3.1      397.9     5.25e+04
2020 12 05  1300   59188   46800    0        2.7      383.2     4.84e+04
2020 12 05  1400   59188   50400    0        3.4      381.0     7.24e+04
2020 12 05  1500   59188   54000    0        5.2      377.6     5.40e+04
2020 12 05  1600   59188   57600    0        5.8      375.6     6.59e+04
2020 12 05  1700   59188   61200    0        7.9      370.0     3.48e+04
2020 12 05  1800   59188   64800    0        5.4      370.8     4.16e+04
2020 12 05  1900   59188   68400    0        4.0      370.4     4.59e+04
2020 12 05  2000   59188   72000    9    -9999.9    -9999.9    -1.00e+05
2020 12 05  2100   59188   75600    9    -9999.9    -9999.9    -1.00e+05
2020 12 05  2200   59188   79200    9    -9999.9    -9999.9    -1.00e+05
2020 12 05  2300   59188   82800    0        4.8      362.7     2.35e+04
2020 12 06  0000   59189       0    0        4.5      358.5     2.57e+04
2020 12 06  0100   59189    3600    0        2.2      355.7     3.08e+04
2020 12 06  0200   59189    7200    0        2.0      356.0     5.26e+04
2020 12 06  0300   59189   10800    0        2.7      348.2     5.12e+04
2020 12 06  0400   59189   14400    0        4.0      349.2     3.33e+04
2020 12 06  0500   59189   18000    0        2.3      343.5     3.46e+04
2020 12 06  0600   59189   21600    0        2.3      348.7     3.08e+04
2020 12 06  0700   59189   25200    0        4.7      352.7     2.52e+04
2020 12 06  0800   59189   28800    0        5.3      352.3     2.51e+04
2020 12 06  0900   59189   32400    0        3.7      351.6     2.71e+04
2020 12 06  1000   59189   36000    0        2.6      352.6     3.56e+04
2020 12 06  1100   59189   39600    0        3.0      359.4     4.04e+04
2020 12 06  1200   59189   43200    0        3.8      379.0     3.71e+04
2020 12 06  1300   59189   46800    0        4.0      375.8     3.03e+04
2020 12 06  1400   59189   50400    0        4.5      374.0     3.42e+04
2020 12 06  1500   59189   54000    0        4.7      372.4     4.36e+04
2020 12 06  1600   59189   57600    0        5.1      375.8     4.37e+04
2020 12 06  1700   59189   61200    0        5.1      369.0     4.43e+04
2020 12 06  1800   59189   64800    0        5.6      367.3     4.11e+04
2020 12 06  1900   59189   68400    3    -9999.9    -9999.9    -1.00e+05
2020 12 06  2000   59189   72000    0        4.3      364.0     5.12e+04
2020 12 06  2100   59189   75600    9    -9999.9    -9999.9    -1.00e+05
2020 12 06  2200   59189   79200    1        1.8      391.1     1.64e+05
2020 12 06  2300   59189   82800    0        2.1      380.0     1.73e+05
2020 12 07  0000   59190       0    1        2.7      377.3     1.52e+05
2020 12 07  0100   59190    3600    0        2.0      386.0     1.65e+05
2020 12 07  0200   59190    7200    0        1.3      382.9     1.62e+05
2020 12 07  0300   59190   10800    0        1.3      378.0     1.58e+05
2020 12 07  0400   59190   14400    0        1.6      375.2     1.13e+05
2020 12 07  0500   59190   18000    0        1.8      384.7     1.29e+05
2020 12 07  0600   59190   21600    1        1.3      369.2     1.35e+05
2020 12 07  0700   59190   25200    1        1.6      365.3     9.78e+04
2020 12 07  0800   59190   28800    1        1.1      375.7     1.71e+05
2020 12 07  0900   59190   32400    0        1.5      371.9     9.81e+04
2020 12 07  1000   59190   36000    1        1.3      387.9     9.20e+04
2020 12 07  1100   59190   39600    3    -9999.9    -9999.9    -1.00e+05
2020 12 07  1200   59190   43200    9    -9999.9    -9999.9    -1.00e+05
2020 12 07  1300   59190   46800    1        1.8      398.1     1.26e+05
2020 12 07  1400   59190   50400    0        1.4      387.4     1.07e+05
2020 12 07  1500   59190   54000    0        1.6      383.7     1.15e+05
2020 12 07  1600   59190   57600    1        1.6      373.8     1.15e+05
2020 12 07  1700   59190   61200    0        1.2      378.5     1.11e+05
2020 12 07  1800   59190   64800    1        1.2      378.3     9.52e+04
2020 12 07  1900   59190   68400    1        1.2      367.8     7.12e+04
2020 12 07  2000   59190   72000    9    -9999.9    -9999.9    -1.00e+05
2020 12 07  2100   59190   75600    3    -9999.9    -9999.9    -1.00e+05
2020 12 07  2200   59190   79200    0        1.9      360.8     4.24e+04
2020 12 07  2300   59190   82800    0        2.1      350.2     3.38e+04
2020 12 08  0000   59191       0    0        3.5      355.7     2.34e+04
2020 12 08  0100   59191    3600    0        2.9      352.5     2.67e+04
2020 12 08  0200   59191    7200    0        3.3      352.0     2.49e+04
2020 12 08  0300   59191   10800    0        3.0      347.3     2.82e+04
2020 12 08  0400   59191   14400    0        3.1      346.9     3.95e+04
2020 12 08  0500   59191   18000    0        3.2      348.6     3.50e+04
2020 12 08  0600   59191   21600    0        3.5      358.2     2.80e+04
2020 12 08  0700   59191   25200    0        3.4      353.9     3.50e+04
2020 12 08  0800   59191   28800    0        3.5      348.9     3.07e+04
2020 12 08  0900   59191   32400    0        3.9      349.7     3.62e+04
2020 12 08  1000   59191   36000    0        4.8      350.7     3.75e+04
2020 12 08  1100   59191   39600    0        8.5      357.0     2.65e+04
2020 12 08  1200   59191   43200    0        9.8      356.1     2.65e+04
2020 12 08  1300   59191   46800    0        8.1      356.3     2.85e+04
2020 12 08  1400   59191   50400    9    -9999.9    -9999.9    -1.00e+05
2020 12 08  1500   59191   54000    9    -9999.9    -9999.9    -1.00e+05
2020 12 08  1600   59191   57600    9    -9999.9    -9999.9    -1.00e+05
2020 12 08  1700   59191   61200    9    -9999.9    -9999.9    -1.00e+05
2020 12 08  1800   59191   64800    9    -9999.9    -9999.9    -1.00e+05
2020 12 08  1900   59191   68400    9    -9999.9    -9999.9    -1.00e+05
2020 12 08  2000   59191   72000    9    -9999.9    -9999.9    -1.00e+05
2020 12 08  2100   59191   75600    9    -9999.9    -9999.9    -1.00e+05
2020 12 08  2200   59191   79200    0        5.4      366.8     3.76e+04
2020 12 08  2300   59191   82800    0        5.8      361.7     3.84e+04
2020 12 09  0000   59192       0    0        7.5      359.0     5.07e+04
2020 12 09  0100   59192    3600    0       10.0      363.8     3.64e+04
2020 12 09  0200   59192    7200    0       12.0      361.9     2.87e+04
2020 12 09  0300   59192   10800    0       13.9      357.0     3.17e+04
2020 12 09  0400   59192   14400    0       12.9      361.5     3.84e+04
2020 12 09  0500   59192   18000    0        6.7      370.3     6.18e+04
2020 12 09  0600   59192   21600    0        7.6      377.2     8.65e+04
2020 12 09  0700   59192   25200    1        9.7      380.1     8.70e+04
2020 12 09  0800   59192   28800    0        7.6      377.4     8.80e+04
2020 12 09  0900   59192   32400    0        7.1      380.7     9.92e+04
2020 12 09  1000   59192   36000    0        6.0      377.4     1.01e+05
2020 12 09  1100   59192   39600    0        6.2      378.0     1.02e+05
2020 12 09  1200   59192   43200    0        5.5      378.2     7.90e+04
2020 12 09  1300   59192   46800    0        5.9      385.2     1.01e+05
2020 12 09  1400   59192   50400    0        5.2      394.3     8.72e+04
2020 12 09  1500   59192   54000    0        4.2      424.8     1.35e+05
2020 12 09  1600   59192   57600    0        4.5      430.4     1.80e+05
2020 12 09  1700   59192   61200    0        4.2      435.0     1.76e+05
2020 12 09  1800   59192   64800    0        4.0      433.9     1.62e+05
2020 12 09  1900   59192   68400    0        2.8      422.6     1.65e+05
2020 12 09  2000   59192   72000    9    -9999.9    -9999.9    -1.00e+05
2020 12 09  2100   59192   75600    9    -9999.9    -9999.9    -1.00e+05
2020 12 09  2200   59192   79200    0        3.4      434.9     1.19e+05
2020 12 09  2300   59192   82800    0        3.3      440.8     1.01e+05
2020 12 10  0000   59193       0    0        3.3      456.6     1.10e+05
2020 12 10  0100   59193    3600    0        4.7      499.2     2.20e+05
2020 12 10  0200   59193    7200    1        6.5      573.5     3.32e+05
2020 12 10  0300   59193   10800    0        6.5      560.0     3.79e+05
2020 12 10  0400   59193   14400    0        6.3      560.3     3.18e+05
2020 12 10  0500   59193   18000    0        5.6      538.0     3.57e+05
2020 12 10  0600   59193   21600    0        5.2      522.2     2.88e+05
2020 12 10  0700   59193   25200    1        5.6      500.0     2.62e+05
2020 12 10  0800   59193   28800    0        5.0      490.7     2.94e+05
2020 12 10  0900   59193   32400    0        5.1      490.9     2.61e+05
2020 12 10  1000   59193   36000    0        4.9      505.1     2.11e+05
2020 12 10  1100   59193   39600    0        4.1      495.0     1.85e+05
2020 12 10  1200   59193   43200    0        3.5      480.8     1.51e+05
2020 12 10  1300   59193   46800    0        4.1      471.7     1.66e+05
2020 12 10  1400   59193   50400    0        4.4      472.0     1.88e+05
2020 12 10  1500   59193   54000    0        3.1      467.0     1.60e+05
2020 12 10  1600   59193   57600    0        3.3      470.9     1.26e+05
2020 12 10  1700   59193   61200    0        2.8      486.6     1.41e+05
2020 12 10  1800   59193   64800    0        3.0      485.5     1.31e+05
2020 12 10  1900   59193   68400    0        3.1      475.4     1.12e+05
2020 12 10  2000   59193   72000    9    -9999.9    -9999.9    -1.00e+05
2020 12 10  2100   59193   75600    9    -9999.9    -9999.9    -1.00e+05
2020 12 10  2200   59193   79200    1       10.0      446.7     8.63e+04
2020 12 10  2300   59193   82800    9    -9999.9    -9999.9    -1.00e+05
2020 12 11  0000   59194       0    9    -9999.9    -9999.9    -1.00e+05
2020 12 11  0100   59194    3600    9    -9999.9    -9999.9    -1.00e+05
2020 12 11  0200   59194    7200    9    -9999.9    -9999.9    -1.00e+05
2020 12 11  0300   59194   10800    9    -9999.9    -9999.9    -1.00e+05
2020 12 11  0400   59194   14400    9    -9999.9    -9999.9    -1.00e+05
2020 12 11  0500   59194   18000    9    -9999.9    -9999.9    -1.00e+05
2020 12 11  0600   59194   21600    0        1.6      439.9     1.50e+04
2020 12 11  0700   59194   25200    0        1.4      436.4     1.79e+04
2020 12 11  0800   59194   28800    0        1.9      436.8     3.52e+04
2020 12 11  0900   59194   32400    0        0.1      450.9     5.56e+04
2020 12 11  1000   59194   36000    0        0.0      465.5     6.06e+04
2020 12 11  1100   59194   39600    0        0.1      493.1     1.13e+05
2020 12 11  1200   59194   43200    0        0.4      489.8     5.22e+04
2020 12 11  1300   59194   46800    0        0.7      483.4     4.17e+04
2020 12 11  1400   59194   50400    0        1.6      476.7     1.81e+04
2020 12 11  1500   59194   54000    0        2.2      475.5     1.17e+04
2020 12 11  1600   59194   57600    0        2.0      471.2     1.21e+04
2020 12 11  1700   59194   61200    3    -9999.9    -9999.9    -1.00e+05
2020 12 11  1800   59194   64800    0        2.4      465.7     1.45e+04
2020 12 11  1900   59194   68400    0        1.2      478.6     2.64e+04
2020 12 11  2000   59194   72000    9    -9999.9    -9999.9    -1.00e+05
2020 12 11  2100   59194   75600    9    -9999.9    -9999.9    -1.00e+05
2020 12 11  2200   59194   79200    9    -9999.9    -9999.9    -1.00e+05
2020 12 11  2300   59194   82800    9    -9999.9    -9999.9    -1.00e+05
2020 12 12  0000   59195       0    9    -9999.9    -9999.9    -1.00e+05
2020 12 12  0100   59195    3600    9    -9999.9    -9999.9    -1.00e+05
2020 12 12  0200   59195    7200    9    -9999.9    -9999.9    -1.00e+05
2020 12 12  0300   59195   10800    9    -9999.9    -9999.9    -1.00e+05
2020 12 12  0400   59195   14400    9    -9999.9    -9999.9    -1.00e+05
2020 12 12  0500   59195   18000    9    -9999.9    -9999.9    -1.00e+05
2020 12 12  0600   59195   21600    0        2.5      432.1     3.19e+04
2020 12 12  0700   59195   25200    0        2.7      424.0     3.59e+04
2020 12 12  0800   59195   28800    0        1.9      414.8     4.12e+04
2020 12 12  0900   59195   32400    0        0.8      410.1     4.46e+04
2020 12 12  1000   59195   36000    0        2.9      417.7     3.15e+04
2020 12 12  1100   59195   39600    0        4.2      416.5     2.45e+04
2020 12 12  1200   59195   43200    0        4.3      409.9     3.23e+04
2020 12 12  1300   59195   46800    0        5.7      401.9     2.21e+04
2020 12 12  1400   59195   50400    0        4.5      401.2     1.93e+04
2020 12 12  1500   59195   54000    0        5.6      405.4     1.93e+04
2020 12 12  1600   59195   57600    0        6.4      401.8     2.50e+04
2020 12 12  1700   59195   61200    0        7.8      401.5     3.01e+04
2020 12 12  1800   59195   64800    0        8.0      392.8     3.12e+04
2020 12 12  1900   59195   68400    0        4.2      394.5     4.17e+04
2020 12 12  2000   59195   72000    0        8.3      377.3     3.66e+04
2020 12 12  2100   59195   75600    9    -9999.9    -9999.9    -1.00e+05
2020 12 12  2200   59195   79200    9    -9999.9    -9999.9    -1.00e+05
2020 12 12  2300   59195   82800    9    -9999.9    -9999.9    -1.00e+05
2020 12 13  0000   59196       0    9    -9999.9    -9999.9    -1.00e+05
2020 12 13  0100   59196    3600    9    -9999.9    -9999.9    -1.00e+05
2020 12 13  0200   59196    7200    9    -9999.9    -9999.9    -1.00e+05
2020 12 13  0300   59196   10800    9    -9999.9    -9999.9    -1.00e+05
2020 12 13  0400   59196   14400    9    -9999.9    -9999.9    -1.00e+05
2020 12 13  0500   59196   18000    9    -9999.9    -9999.9    -1.00e+05
2020 12 13  0600   59196   21600    0        4.6      368.1     1.69e+04
2020 12 13  0700   59196   25200    0        3.8      368.8     1.94e+04
2020 12 13  0800   59196   28800    0        4.1      362.6     1.44e+04
2020 12 13  0900   59196   32400    0        4.5      358.4     1.21e+04
2020 12 13  1000   59196   36000    0        3.3      364.4     2.95e+04
2020 12 13  1100   59196   39600    0        4.2      356.0     3.18e+04
2020 12 13  1200   59196   43200    0        2.6      366.4     4.78e+04
2020 12 13  1300   59196   46800    0        3.2      351.6     4.05e+04
2020 12 13  1400   59196   50400    0        2.3      348.7     4.45e+04
2020 12 13  1500   59196   54000    0        2.9      347.6     4.69e+04
2020 12 13  1600   59196   57600    0        2.7      347.9     3.56e+04
2020 12 13  1700   59196   61200    0        1.3      348.0     4.97e+04
2020 12 13  1800   59196   64800    0        1.0      347.4     4.02e+04
2020 12 13  1900   59196   68400    0        0.9      336.3     2.56e+04
2020 12 13  2000   59196   72000    9    -9999.9    -9999.9    -1.00e+05
2020 12 13  2100   59196   75600    9    -9999.9    -9999.9    -1.00e+05
2020 12 13  2200   59196   79200    9    -9999.9    -9999.9    -1.00e+05
2020 12 13  2300   59196   82800    0        2.3      346.5     4.26e+04
2020 12 14  0000   59197       0    0        6.9      358.9     3.84e+04
2020 12 14  0100   59197    3600    9    -9999.9    -9999.9    -1.00e+05
2020 12 14  0200   59197    7200    9    -9999.9    -9999.9    -1.00e+05
2020 12 14  0300   59197   10800    9    -9999.9    -9999.9    -1.00e+05
2020 12 14  0400   59197   14400    0        2.3      355.5     3.80e+04
2020 12 14  0500   59197   18000    0        2.5      362.9     3.06e+04
2020 12 14  0600   59197   21600    0        1.7      361.1     5.17e+04
2020 12 14  0700   59197   25200    0        1.5      357.6     6.12e+04
2020 12 14  0800   59197   28800    0        1.4      357.6     7.50e+04
2020 12 14  0900   59197   32400    0        1.9      352.2     6.52e+04
2020 12 14  1000   59197   36000    0        1.6      351.1     5.89e+04
2020 12 14  1100   59197   39600    0        1.9      339.0     4.98e+04
2020 12 14  1200   59197   43200    0        1.8      338.6     5.07e+04
2020 12 14  1300   59197   46800    1        1.6      342.3     5.60e+04
2020 12 14  1400   59197   50400    0        2.0      354.5     4.31e+04
2020 12 14  1500   59197   54000    0        1.9      348.4     3.51e+04
2020 12 14  1600   59197   57600    0        2.6      353.5     3.39e+04
2020 12 14  1700   59197   61200    0        4.8      363.5     3.53e+04
2020 12 14  1800   59197   64800    0        5.0      372.3     3.07e+04
2020 12 14  1900   59197   68400    0        2.1      359.1     4.42e+04
2020 12 14  2000   59197   72000    9    -9999.9    -9999.9    -1.00e+05
2020 12 14  2100   59197   75600    9    -9999.9    -9999.9    -1.00e+05
2020 12 14  2200   59197   79200    0        1.2      352.1     5.21e+04
2020 12 14  2300   59197   82800    0        1.3      352.9     5.13e+04
2020 12 15  0000   59198       0    0        1.4      354.7     5.33e+04
2020 12 15  0100   59198    3600    0        1.6      351.4     5.39e+04
2020 12 15  0200   59198    7200    0        2.1      351.0     4.64e+04
2020 12 15  0300   59198   10800    0        1.7      348.1     4.44e+04
2020 12 15  0400   59198   14400    0        1.4      342.0     4.61e+04
2020 12 15  0500   59198   18000    0        1.7      343.1     5.19e+04
2020 12 15  0600   59198   21600    0        1.2      335.6     3.66e+04
2020 12 15  0700   59198   25200    0        1.0      335.2     3.72e+04
2020 12 15  0800   59198   28800    0        1.1      329.2     3.75e+04
2020 12 15  0900   59198   32400    0        1.3      332.7     3.28e+04
2020 12 15  1000   59198   36000    0        1.4      318.2     3.60e+04
2020 12 15  1100   59198   39600    0        2.0      308.0     2.29e+04
2020 12 15  1200   59198   43200    3    -9999.9    -9999.9    -1.00e+05
2020 12 15  1300   59198   46800    0        2.3      291.4     1.83e+04
2020 12 15  1400   59198   50400    0        3.5      288.9     1.38e+04
2020 12 15  1500   59198   54000    0        3.3      288.2     1.38e+04
2020 12 15  1600   59198   57600    0        3.2      285.2     1.21e+04
2020 12 15  1700   59198   61200    0        3.6      285.5     1.32e+04
2020 12 15  1800   59198   64800    0        2.8      282.0     1.29e+04
2020 12 15  1900   59198   68400    0        2.6      280.6     1.17e+04
2020 12 15  2000   59198   72000    9    -9999.9    -9999.9    -1.00e+05
2020 12 15  2100   59198   75600    9    -9999.9    -9999.9    -1.00e+05
2020 12 15  2200   59198   79200    9    -9999.9    -9999.9    -1.00e+05
2020 12 15  2300   59198   82800    9    -9999.9    -9999.9    -1.00e+05
2020 12 16  0000   59199       0    0        3.3      281.5     1.32e+04
2020 12 16  0100   59199    3600    0        3.1      285.9     1.28e+04
2020 12 16  0200   59199    7200    0        3.6      287.5     1.23e+04
2020 12 16  0300   59199   10800    0        3.9      286.2     1.12e+04
2020 12 16  0400   59199   14400    0        4.4      284.9     1.08e+04
2020 12 16  0500   59199   18000    0        5.4      282.8     1.03e+04
2020 12 16  0600   59199   21600    0        5.6      285.0     1.13e+04
2020 12 16  0700   59199   25200    0        5.6      282.0     1.15e+04
2020 12 16  0800   59199   28800    0        4.7      280.7     1.11e+04
2020 12 16  0900   59199   32400    0        3.9      279.0     1.13e+04
2020 12 16  1000   59199   36000    0        4.2      282.5     1.14e+04
2020 12 16  1100   59199   39600    0        4.3      288.8     1.23e+04
2020 12 16  1200   59199   43200    0        4.4      285.7     1.28e+04
2020 12 16  1300   59199   46800    0        4.1      287.1     1.44e+04
2020 12 16  1400   59199   50400    0        4.0      284.8     1.31e+04
2020 12 16  1500   59199   54000    0        4.7      282.2     1.32e+04
2020 12 16  1600   59199   57600    0        5.3      280.7     1.12e+04
2020 12 16  1700   59199   61200    0        3.9      272.8     1.51e+04
2020 12 16  1800   59199   64800    0        2.4      268.1     1.49e+04
2020 12 16  1900   59199   68400    0        2.4      266.8     1.58e+04
2020 12 16  2000   59199   72000    9    -9999.9    -9999.9    -1.00e+05
2020 12 16  2100   59199   75600    9    -9999.9    -9999.9    -1.00e+05
2020 12 16  2200   59199   79200    0        3.0      278.6     1.45e+04
2020 12 16  2300   59199   82800    0        3.0      275.8     1.68e+04
2020 12 17  0000   59200       0    0        2.7      268.4     2.15e+04
2020 12 17  0100   59200    3600    0        2.9      271.1     2.02e+04
2020 12 17  0200   59200    7200    0        3.2      272.7     1.91e+04
2020 12 17  0300   59200   10800    0        3.2      278.5     1.80e+04
2020 12 17  0400   59200   14400    0        3.7      277.4     2.05e+04
2020 12 17  0500   59200   18000    0        4.5      279.0     1.75e+04
2020 12 17  0600   59200   21600    0        4.1      273.7     1.89e+04
2020 12 17  0700   59200   25200    3    -9999.9    -9999.9    -1.00e+05
2020 12 17  0800   59200   28800    0        4.1      278.0     1.77e+04
2020 12 17  0900   59200   32400    0        4.1      279.1     1.90e+04
2020 12 17  1000   59200   36000    0        3.4      276.0     2.06e+04
2020 12 17  1100   59200   39600    0        3.0      272.3     2.29e+04
2020 12 17  1200   59200   43200    1        3.4      273.8     1.97e+04
2020 12 17  1300   59200   46800    0        3.1      272.8     2.77e+04
2020 12 17  1400   59200   50400    1        3.4      277.7     2.95e+04
2020 12 17  1500   59200   54000    0        3.8      285.7     2.47e+04
2020 12 17  1600   59200   57600    0        4.1      282.9     2.06e+04
2020 12 17  1700   59200   61200    0        4.1      283.6     2.41e+04
2020 12 17  1800   59200   64800    0        3.9      279.5     1.94e+04
2020 12 17  1900   59200   68400    1        3.8      279.1     1.93e+04
2020 12 17  2000   59200   72000    0        2.6      273.2     2.92e+04
2020 12 17  2100   59200   75600    1        2.5      269.3     2.45e+04
2020 12 17  2200   59200   79200    0        2.3      266.0     2.85e+04
2020 12 17  2300   59200   82800    0        2.4      261.3     3.17e+04
2020 12 18  0000   59201       0    9    -9999.9    -9999.9    -1.00e+05
2020 12 18  0100   59201    3600    1        3.0      268.4     3.41e+04
2020 12 18  0200   59201    7200    0        3.7      275.4     3.17e+04
2020 12 18  0300   59201   10800    0        4.5      280.1     2.47e+04
2020 12 18  0400   59201   14400    0        4.3      277.8     2.32e+04
2020 12 18  0500   59201   18000    0        4.4      281.8     2.59e+04
2020 12 18  0600   59201   21600    1        4.6      281.5     2.26e+04
2020 12 18  0700   59201   25200    0        4.6      280.3     2.06e+04
2020 12 18  0800   59201   28800    0        4.7      282.1     2.12e+04
2020 12 18  0900   59201   32400    0        5.0      286.9     2.10e+04
2020 12 18  1000   59201   36000    0        3.4      297.6     3.30e+04
2020 12 18  1100   59201   39600    0        3.7      292.8     3.26e+04
2020 12 18  1200   59201   43200    0        4.1      289.6     3.10e+04
2020 12 18  1300   59201   46800    0        3.0      294.5     3.10e+04
2020 12 18  1400   59201   50400    0        3.4      304.0     3.65e+04
2020 12 18  1500   59201   54000    1        3.9      297.5     3.73e+04
2020 12 18  1600   59201   57600    9    -9999.9    -9999.9    -1.00e+05
2020 12 18  1700   59201   61200    9    -9999.9    -9999.9    -1.00e+05
2020 12 18  1800   59201   64800    0        4.1      298.5     2.52e+04
2020 12 18  1900   59201   68400    0        3.7      298.6     3.43e+04
2020 12 18  2000   59201   72000    9    -9999.9    -9999.9    -1.00e+05
2020 12 18  2100   59201   75600    9    -9999.9    -9999.9    -1.00e+05
2020 12 18  2200   59201   79200    9    -9999.9    -9999.9    -1.00e+05
2020 12 18  2300   59201   82800    9    -9999.9    -9999.9    -1.00e+05
2020 12 19  0000   59202       0    9    -9999.9    -9999.9    -1.00e+05
2020 12 19  0100   59202    3600    1        4.6      295.6     3.96e+04
2020 12 19  0200   59202    7200    0        5.7      293.8     3.47e+04
2020 12 19  0300   59202   10800    0        5.1      289.7     2.99e+04
2020 12 19  0400   59202   14400    0        6.5      290.7     2.47e+04
2020 12 19  0500   59202   18000    0        8.2      292.1     2.12e+04
2020 12 19  0600   59202   21600    0        5.7      300.4     2.88e+04
2020 12 19  0700   59202   25200    0        7.2      300.2     2.63e+04
2020 12 19  0800   59202   28800    0       10.5      310.1     2.35e+04
2020 12 19  0900   59202   32400    0        6.5      310.4     4.50e+04
2020 12 19  1000   59202   36000    0        9.9      324.2     5.19e+04
2020 12 19  1100   59202   39600    1       10.6      334.4     5.45e+04
2020 12 19  1200   59202   43200    0        9.3      347.9     6.06e+04
2020 12 19  1300   59202   46800    3    -9999.9    -9999.9    -1.00e+05
2020 12 19  1400   59202   50400    0        7.0      345.0     5.73e+04
2020 12 19  1500   59202   54000    1        4.1      344.7     7.21e+04
2020 12 19  1600   59202   57600    0        4.1      337.8     8.83e+04
2020 12 19  1700   59202   61200    0        3.2      345.2     9.05e+04
2020 12 19  1800   59202   64800    0        4.0      362.6     8.66e+04
2020 12 19  1900   59202   68400    0        6.6      375.8     9.07e+04
2020 12 19  2000   59202   72000    0        6.3      364.9     8.05e+04
2020 12 19  2100   59202   75600    9    -9999.9    -9999.9    -1.00e+05
2020 12 19  2200   59202   79200    9    -9999.9    -9999.9    -1.00e+05
2020 12 19  2300   59202   82800    9    -9999.9    -9999.9    -1.00e+05
2020 12 20  0000   59203       0    0        3.4      370.3     6.33e+04
2020 12 20  0100   59203    3600    1        2.6      382.3     1.33e+05
2020 12 20  0200   59203    7200    0        3.1      390.0     1.25e+05
2020 12 20  0300   59203   10800    0        2.9      382.0     9.60e+04
2020 12 20  0400   59203   14400    0        2.9      388.7     8.32e+04
2020 12 20  0500   59203   18000    0        2.8      387.2     7.20e+04
2020 12 20  0600   59203   21600    0        2.9      365.7     5.63e+04
2020 12 20  0700   59203   25200    0        2.5      364.9     6.43e+04
2020 12 20  0800   59203   28800    0        2.1      365.0     6.54e+04
2020 12 20  0900   59203   32400    0        1.9      366.3     7.72e+04
2020 12 20  1000   59203   36000    0        3.2      367.6     5.11e+04
2020 12 20  1100   59203   39600    0        3.6      365.8     3.36e+04
2020 12 20  1200   59203   43200    0        3.2      366.2     3.98e+04
2020 12 20  1300   59203   46800    0        3.8      368.2     5.37e+04
2020 12 20  1400   59203   50400    9    -9999.9    -9999.9    -1.00e+05
2020 12 20  1500   59203   54000    0        5.5      380.4     4.98e+04
2020 12 20  1600   59203   57600    3    -9999.9    -9999.9    -1.00e+05
2020 12 20  1700   59203   61200    0        4.9      375.6     3.02e+04
2020 12 20  1800   59203   64800    9    -9999.9    -9999.9    -1.00e+05
2020 12 20  1900   59203   68400    9    -9999.9    -9999.9    -1.00e+05
2020 12 20  2000   59203   72000    9    -9999.9    -9999.9    -1.00e+05
2020 12 20  2100   59203   75600    9    -9999.9    -9999.9    -1.00e+05
2020 12 20  2200   59203   79200    0        4.6      379.1     4.23e+04
2020 12 20  2300   59203   82800    0        6.1      378.0     4.53e+04
2020 12 21  0000   59204       0    0        7.3      379.6     4.51e+04
2020 12 21  0100   59204    3600    0        8.8      381.3     3.90e+04
2020 12 21  0200   59204    7200    0       10.1      375.2     3.72e+04
2020 12 21  0300   59204   10800    0       11.0      370.6     2.85e+04
2020 12 21  0400   59204   14400    0        7.8      373.1     1.90e+04
2020 12 21  0500   59204   18000    0        3.0      379.6     1.83e+04
2020 12 21  0600   59204   21600    0        3.2      371.0     1.26e+04
2020 12 21  0700   59204   25200    0        7.8      372.0     1.42e+04
2020 12 21  0800   59204   28800    0       19.2      373.6     1.36e+04
2020 12 21  0900   59204   32400    0        3.7      375.6     1.28e+04
2020 12 21  1000   59204   36000    0        6.3      373.7     1.85e+04
2020 12 21  1100   59204   39600    0        6.3      372.9     2.32e+04
2020 12 21  1200   59204   43200    0        5.4      371.9     3.22e+04
2020 12 21  1300   59204   46800    0       11.3      382.9     7.04e+04
2020 12 21  1400   59204   50400    0        3.0      393.8     1.29e+05
2020 12 21  1500   59204   54000    0        4.1      389.0     1.33e+05
2020 12 21  1600   59204   57600    0        3.9      388.0     1.39e+05
2020 12 21  1700   59204   61200    0        3.7      383.8     1.39e+05
2020 12 21  1800   59204   64800    0        4.1      387.8     1.33e+05
2020 12 21  1900   59204   68400    0        3.1      394.5     1.42e+05
2020 12 21  2000   59204   72000    9    -9999.9    -9999.9    -1.00e+05
2020 12 21  2100   59204   75600    9    -9999.9    -9999.9    -1.00e+05
2020 12 21  2200   59204   79200    0       32.6      398.4     5.77e+04
2020 12 21  2300   59204   82800    0       11.6      434.5     1.60e+05
2020 12 22  0000   59205       0    0        4.5      475.1     2.72e+05
2020 12 22  0100   59205    3600    0        4.3      525.0     3.53e+05
2020 12 22  0200   59205    7200    0        3.2      559.8     2.51e+05
2020 12 22  0300   59205   10800    0        2.7      562.2     2.46e+05
2020 12 22  0400   59205   14400    1        2.9      562.8     2.34e+05
2020 12 22  0500   59205   18000    0        3.4      559.9     2.06e+05
2020 12 22  0600   59205   21600    1        3.2      542.8     2.46e+05
2020 12 22  0700   59205   25200    0        3.0      519.0     2.19e+05
2020 12 22  0800   59205   28800    0        2.7      487.9     1.81e+05
2020 12 22  0900   59205   32400    0        2.2      464.2     9.89e+04
2020 12 22  1000   59205   36000    0        2.2      509.5     1.73e+05
2020 12 22  1100   59205   39600    3    -9999.9    -9999.9    -1.00e+05
2020 12 22  1200   59205   43200    0        2.7      560.5     1.46e+05
2020 12 22  1300   59205   46800    0        2.5      545.4     1.55e+05
2020 12 22  1400   59205   50400    0        2.5      536.6     1.60e+05
2020 12 22  1500   59205   54000    0        2.7      538.6     1.69e+05
2020 12 22  1600   59205   57600    0        2.2      543.3     1.69e+05
2020 12 22  1700   59205   61200    0        2.2      553.1     1.28e+05
2020 12 22  1800   59205   64800    1        2.1      545.0     1.51e+05
2020 12 22  1900   59205   68400    0        1.7      564.4     1.73e+05
2020 12 22  2000   59205   72000    9    -9999.9    -9999.9    -1.00e+05
2020 12 22  2100   59205   75600    9    -9999.9    -9999.9    -1.00e+05
2020 12 22  2200   59205   79200    0        1.7      554.8     1.74e+05
2020 12 22  2300   59205   82800    0        1.7      559.5     1.74e+05
2020 12 23  0000   59206       0    0        2.3      554.8     1.82e+05
2020 12 23  0100   59206    3600    0        2.7      556.3     1.63e+05
2020 12 23  0200   59206    7200    0        2.5      546.6     1.97e+05
2020 12 23  0300   59206   10800    0        2.3      551.9     2.44e+05
2020 12 23  0400   59206   14400    0        2.3      570.9     2.29e+05
2020 12 23  0500   59206   18000    0        1.2      616.7     1.59e+05
2020 12 23  0600   59206   21600    0        0.7      600.6     2.06e+05
2020 12 23  0700   59206   25200    0        1.0      607.5     1.47e+05
2020 12 23  0800   59206   28800    0        1.9      617.3     1.44e+05
2020 12 23  0900   59206   32400    0        1.9      629.1     1.45e+05
2020 12 23  1000   59206   36000    0        1.6      620.2     1.52e+05
2020 12 23  1100   59206   39600    0        1.7      607.3     1.71e+05
2020 12 23  1200   59206   43200    1        1.6      602.6     2.15e+05
2020 12 23  1300   59206   46800    0        1.5      581.4     2.02e+05
2020 12 23  1400   59206   50400    0        1.6      570.7     1.94e+05
2020 12 23  1500   59206   54000    0        1.8      568.6     1.66e+05
2020 12 23  1600   59206   57600    0        2.2      549.0     1.59e+05
2020 12 23  1700   59206   61200    1        1.9      532.0     1.66e+05
2020 12 23  1800   59206   64800    1        1.9      515.7     1.64e+05
2020 12 23  1900   59206   68400    0        1.7      518.9     1.74e+05
2020 12 23  2000   59206   72000    0        2.3      514.6     1.44e+05
2020 12 23  2100   59206   75600    9    -9999.9    -9999.9    -1.00e+05
2020 12 23  2200   59206   79200    1        1.7      535.4     1.61e+05
2020 12 23  2300   59206   82800    1        1.9      534.1     1.40e+05
2020 12 24  0000   59207       0    0        1.6      540.5     1.33e+05
2020 12 24  0100   59207    3600    0        1.4      539.8     1.36e+05
2020 12 24  0200   59207    7200    0        1.8      540.3     9.79e+04
2020 12 24  0300   59207   10800    0        1.8      549.3     9.84e+04
2020 12 24  0400   59207   14400    0        1.1      545.0     1.23e+05
2020 12 24  0500   59207   18000    0        1.5      552.4     1.03e+05
2020 12 24  0600   59207   21600    0        1.6      545.2     8.63e+04
2020 12 24  0700   59207   25200    0        1.7      564.8     9.56e+04
2020 12 24  0800   59207   28800    0        2.0      582.0     1.65e+05
2020 12 24  0900   59207   32400    0        1.8      579.3     1.22e+05
2020 12 24  1000   59207   36000    0        2.1      582.0     1.19e+05
2020 12 24  1100   59207   39600    0        1.6      572.1     1.37e+05
2020 12 24  1200   59207   43200    0        1.7      571.4     1.23e+05
2020 12 24  1300   59207   46800    0        2.1      564.7     1.16e+05
2020 12 24  1400   59207   50400    0        2.2      559.2     1.07e+05
2020 12 24  1500   59207   54000    0        1.7      559.3     1.08e+05
2020 12 24  1600   59207   57600    1        0.9      548.7     1.30e+05
2020 12 24  1700   59207   61200    0        0.5      557.1     1.49e+05
2020 12 24  1800   59207   64800    0        0.6      537.9     1.07e+05
2020 12 24  1900   59207   68400    0        1.0      538.6     1.04e+05
2020 12 24  2000   59207   72000    0        0.8      534.4     1.17e+05
2020 12 24  2100   59207   75600    9    -9999.9    -9999.9    -1.00e+05
2020 12 24  2200   59207   79200    0        0.9      530.9     1.05e+05
2020 12 24  2300   59207   82800    0        1.8      515.8     1.04e+05
2020 12 25  0000   59208       0    0        1.5      506.3     1.19e+05
2020 12 25  0100   59208    3600    0        1.6      504.3     1.04e+05
2020 12 25  0200   59208    7200    0        1.4      503.4     1.02e+05
2020 12 25  0300   59208   10800    0        1.3      512.0     9.57e+04
2020 12 25  0400   59208   14400    0        2.1      512.7     9.87e+04
2020 12 25  0500   59208   18000    0        1.8      505.6     1.14e+05
2020 12 25  0600   59208   21600    0        1.7      515.9     1.11e+05
2020 12 25  0700   59208   25200    0        1.6      512.5     1.28e+05
2020 12 25  0800   59208   28800    0        2.1      508.8     1.27e+05
2020 12 25  0900   59208   32400    0        2.3      501.4     1.06e+05
2020 12 25  1000   59208   36000    0        2.6      489.7     9.61e+04
2020 12 25  1100   59208   39600    0        2.8      475.3     7.58e+04
2020 12 25  1200   59208   43200    0        3.0      473.5     8.05e+04
2020 12 25  1300   59208   46800    0        2.9      479.0     7.65e+04
2020 12 25  1400   59208   50400    0        3.0      461.0     7.53e+04
2020 12 25  1500   59208   54000    9    -9999.9    -9999.9    -1.00e+05
2020 12 25  1600   59208   57600    0        2.4      451.5     6.00e+04
2020 12 25  1700   59208   61200    0        2.0      445.4     6.46e+04
2020 12 25  1800   59208   64800    0        1.6      449.6     7.81e+04
2020 12 25  1900   59208   68400    0        1.5      453.3     7.74e+04
2020 12 25  2000   59208   72000    0        1.4      452.3     7.84e+04
2020 12 25  2100   59208   75600    9    -9999.9    -9999.9    -1.00e+05
2020 12 25  2200   59208   79200    0        1.6      434.2     6.36e+04
2020 12 25  2300   59208   82800    0        1.5      437.6     7.53e+04
2020 12 26  0000   59209       0    0        1.7      435.6     6.07e+04
2020 12 26  0100   59209    3600    0        1.0      439.4     4.83e+04
2020 12 26  0200   59209    7200    0        2.0      441.7     3.86e+04
2020 12 26  0300   59209   10800    0        2.2      429.9     4.87e+04
2020 12 26  0400   59209   14400    0        1.5      421.1     6.69e+04
2020 12 26  0500   59209   18000    0        1.6      416.3     6.79e+04
2020 12 26  0600   59209   21600    0        1.4      419.3     6.85e+04
2020 12 26  0700   59209   25200    0        0.8      427.9     7.86e+04
2020 12 26  0800   59209   28800    0        1.3      434.1     6.46e+04
2020 12 26  0900   59209   32400    0        1.5      436.3     5.15e+04
2020 12 26  1000   59209   36000    0        1.8      432.1     5.82e+04
2020 12 26  1100   59209   39600    0        1.4      431.9     6.29e+04
2020 12 26  1200   59209   43200    0        1.4      423.1     6.16e+04
2020 12 26  1300   59209   46800    0        1.6      422.7     4.97e+04
2020 12 26  1400   59209   50400    1        2.0      425.6     3.87e+04
2020 12 26  1500   59209   54000    0        1.8      427.6     3.72e+04
2020 12 26  1600   59209   57600    0        1.6      419.2     3.58e+04
2020 12 26  1700   59209   61200    0        2.4      419.8     4.01e+04
2020 12 26  1800   59209   64800    0        3.5      421.7     3.97e+04
2020 12 26  1900   59209   68400    0        3.4      419.7     4.31e+04
2020 12 26  2000   59209   72000    0        3.4      424.5     3.64e+04
2020 12 26  2100   59209   75600    0        3.1      422.6     4.51e+04
2020 12 26  2200   59209   79200    0        5.9      420.0     3.43e+04
2020 12 26  2300   59209   82800    0        5.4      418.1     2.98e+04
2020 12 27  0000   59210       0    0        2.7      421.9     4.94e+04
2020 12 27  0100   59210    3600    1        2.1      434.4     7.81e+04
2020 12 27  0200   59210    7200    0        2.6      448.5     8.99e+04
2020 12 27  0300   59210   10800    0        2.8      455.8     1.04e+05
2020 12 27  0400   59210   14400    0        2.9      456.4     1.06e+05
2020 12 27  0500   59210   18000    1        2.4      460.0     8.74e+04
2020 12 27  0600   59210   21600    0        3.2      443.7     9.28e+04
2020 12 27  0700   59210   25200    0        3.5      447.7     6.78e+04
2020 12 27  0800   59210   28800    0        2.9      449.5     5.78e+04
2020 12 27  0900   59210   32400    0        1.7      448.4     5.99e+04
2020 12 27  1000   59210   36000    0        4.2      463.7     5.85e+04
2020 12 27  1100   59210   39600    0        8.1      453.5     4.21e+04
2020 12 27  1200   59210   43200    0        9.4      445.4     4.39e+04
2020 12 27  1300   59210   46800    1        3.3      467.9     9.33e+04
2020 12 27  1400   59210   50400    0        3.0      489.0     1.35e+05
2020 12 27  1500   59210   54000    1        2.3      485.4     1.59e+05
2020 12 27  1600   59210   57600    1        1.5      474.9     1.64e+05
2020 12 27  1700   59210   61200    1        2.5      496.1     1.81e+05
2020 12 27  1800   59210   64800    0        2.7      484.5     1.63e+05
2020 12 27  1900   59210   68400    0        2.3      479.9     1.18e+05
2020 12 27  2000   59210   72000    0        2.6      483.8     1.38e+05
2020 12 27  2100   59210   75600    9    -9999.9    -9999.9    -1.00e+05
2020 12 27  2200   59210   79200    1        1.9      504.6     2.94e+05
2020 12 27  2300   59210   82800    0        1.7      506.1     2.71e+05
2020 12 28  0000   59211       0    1        2.7      490.0     2.36e+05
2020 12 28  0100   59211    3600    0        3.1      490.2     2.36e+05
2020 12 28  0200   59211    7200    0        2.3      505.0     3.11e+05
2020 12 28  0300   59211   10800    1        3.1      518.3     2.97e+05
2020 12 28  0400   59211   14400    0        2.2      498.7     2.97e+05
2020 12 28  0500   59211   18000    0        2.2      524.6     3.57e+05
2020 12 28  0600   59211   21600    1        2.0      532.1     3.12e+05
2020 12 28  0700   59211   25200    1        0.8      547.2     2.82e+05
2020 12 28  0800   59211   28800    0        1.5      524.2     2.78e+05
2020 12 28  0900   59211   32400    0        1.1      532.6     3.01e+05
2020 12 28  1000   59211   36000    0        1.7      532.7     2.47e+05
2020 12 28  1100   59211   39600    0        1.7      523.4     2.25e+05
2020 12 28  1200   59211   43200    0        2.1      520.5     1.74e+05
2020 12 28  1300   59211   46800    0        1.8      485.5     1.62e+05
2020 12 28  1400   59211   50400    0        3.1      464.0     1.07e+05
2020 12 28  1500   59211   54000    0        3.4      465.0     1.07e+05
2020 12 28  1600   59211   57600    0        3.3      476.7     9.08e+04
2020 12 28  1700   59211   61200    0        4.0      453.3     7.25e+04
2020 12 28  1800   59211   64800    0        3.9      439.0     7.62e+04
2020 12 28  1900   59211   68400    0        2.5      437.1     7.79e+04
2020 12 28  2000   59211   72000    0        1.7      443.3     1.23e+05
2020 12 28  2100   59211   75600    0        1.7      450.6     1.38e+05
2020 12 28  2200   59211   79200    0        1.1      457.7     1.34e+05
2020 12 28  2300   59211   82800    0        1.4      447.0     1.27e+05
2020 12 29  0000   59212       0    0        2.3      459.1     1.08e+05
2020 12 29  0100   59212    3600    0        2.9      458.4     1.05e+05
2020 12 29  0200   59212    7200    0        1.6      472.2     8.99e+04
2020 12 29  0300   59212   10800    0        1.8      470.8     7.97e+04
2020 12 29  0400   59212   14400    0        3.0      454.4     7.89e+04
2020 12 29  0500   59212   18000    0        2.9      465.3     1.02e+05
2020 12 29  0600   59212   21600    0        1.9      477.3     1.01e+05
2020 12 29  0700   59212   25200    0        1.7      473.3     1.14e+05
2020 12 29  0800   59212   28800    1        1.4      468.2     1.07e+05
2020 12 29  0900   59212   32400    0        1.7      465.1     8.98e+04
2020 12 29  1000   59212   36000    0        2.5      467.1     1.24e+05
2020 12 29  1100   59212   39600    1        2.7      465.2     1.17e+05
2020 12 29  1200   59212   43200    0        2.7      464.3     1.19e+05
2020 12 29  1300   59212   46800    0        2.5      474.8     1.37e+05
2020 12 29  1400   59212   50400    0        3.0      481.4     1.21e+05
2020 12 29  1500   59212   54000    3    -9999.9    -9999.9    -1.00e+05
2020 12 29  1600   59212   57600    0        2.6      483.3     1.23e+05
2020 12 29  1700   59212   61200    0        3.1      469.7     1.25e+05
2020 12 29  1800   59212   64800    0        3.3      463.2     1.23e+05
2020 12 29  1900   59212   68400    0        3.1      467.6     1.25e+05
2020 12 29  2000   59212   72000    0        3.6      464.3     1.06e+05
2020 12 29  2100   59212   75600    9    -9999.9    -9999.9    -1.00e+05
2020 12 29  2200   59212   79200    9    -9999.9    -9999.9    -1.00e+05
2020 12 29  2300   59212   82800    9    -9999.9    -9999.9    -1.00e+05
2020 12 30  0000   59213       0    9    -9999.9    -9999.9    -1.00e+05
2020 12 30  0100   59213    3600    9    -9999.9    -9999.9    -1.00e+05
2020 12 30  0200   59213    7200    9    -9999.9    -9999.9    -1.00e+05
2020 12 30  0300   59213   10800    9    -9999.9    -9999.9    -1.00e+05
2020 12 30  0400   59213   14400    9    -9999.9    -9999.9    -1.00e+05
2020 12 30  0500   59213   18000    9    -9999.9    -9999.9    -1.00e+05
2020 12 30  0600   59213   21600    9    -9999.9    -9999.9    -1.00e+05
2020 12 30  0700   59213   25200    9    -9999.9    -9999.9    -1.00e+05
2020 12 30  0800   59213   28800    0        2.4      509.0     1.49e+05
2020 12 30  0900   59213   32400    0        2.3      495.8     1.65e+05
2020 12 30  1000   59213   36000    0        2.3      495.5     1.67e+05
2020 12 30  1100   59213   39600    0        2.5      503.8     1.40e+05
2020 12 30  1200   59213   43200    0        2.1      512.9     1.40e+05
2020 12 30  1300   59213   46800    0        2.0      500.0     1.28e+05
2020 12 30  1400   59213   50400    0        1.8      490.6     1.24e+05
2020 12 30  1500   59213   54000    0        1.9      486.5     1.18e+05
2020 12 30  1600   59213   57600    0        1.7      476.4     1.14e+05
2020 12 30  1700   59213   61200    0        1.9      474.6     1.19e+05
2020 12 30  1800   59213   64800    0        2.2      476.3     8.56e+04
2020 12 30  1900   59213   68400    0        1.7      473.9     7.33e+04
2020 12 30  2000   59213   72000    0        2.4      471.1     6.63e+04
2020 12 30  2100   59213   75600    9    -9999.9    -9999.9    -1.00e+05
2020 12 30  2200   59213   79200    9    -9999.9    -9999.9    -1.00e+05
2020 12 30  2300   59213   82800    9    -9999.9    -9999.9    -1.00e+05
2020 12 31  0000   59214       0    9    -9999.9    -9999.9    -1.00e+05
2020 12 31  0100   59214    3600    9    -9999.9    -9999.9    -1.00e+05
2020 12 31  0200   59214    7200    0        2.6      439.4     4.82e+04
2020 12 31  0300   59214   10800    0        2.6      443.2     5.36e+04
2020 12 31  0400   59214   14400    0        2.8      434.4     4.57e+04
2020 12 31  0500   59214   18000    0        2.7      431.3     5.78e+04
2020 12 31  0600   59214   21600    0        3.0      433.5     5.83e+04
2020 12 31  0700   59214   25200    0        2.5      424.1     5.05e+04
2020 12 31  0800   59214   28800    0        2.2      417.1     5.28e+04
2020 12 31  0900   59214   32400    0        2.8      402.8     5.18e+04
2020 12 31  1000   59214   36000    0        3.1      392.7     3.75e+04
2020 12 31  1100   59214   39600    0        3.3      393.8     3.48e+04
2020 12 31  1200   59214   43200    0        3.3      382.2     3.63e+04
2020 12 31  1300   59214   46800    0        3.1      393.8     2.76e+04
2020 12 31  1400   59214   50400    0        3.7      397.4     2.94e+04
2020 12 31  1500   59214   54000    0        3.5      388.0     2.88e+04
2020 12 31  1600   59214   57600    0        3.1      386.2     2.89e+04
2020 12 31  1700   59214   61200    0        3.6      381.7     2.62e+04
2020 12 31  1800   59214   64800    0        3.6      380.4     2.38e+04
2020 12 31  1900   59214   68400    0        4.9      372.3     2.43e+04
2020 12 31  2000   59214   72000    0        4.2      371.2     2.28e+04
2020 12 31  2100   59214   75600    9    -9999.9    -9999.9    -1.00e+05
2020 12 31  2200   59214   79200    9    -9999.9    -9999.9    -1.00e+05
2020 12 31  2300   59214   82800    0        4.6      363.7     2.93e+04
