:Product: 202109_ace_swepam_1h.txt
:Issued: 2021 Oct 01 0510 UT
# Prepared by the U.S. Dept. of Commerce, NOAA, Space Weather Prediction Center
# Please send comments and suggestions to SWPC.Webmaster@noaa.gov 
# 
# Units: Proton density p/cc
# Units: Bulk speed km/s
# Units: Ion tempeture degrees K
# Status(S): 0 = nominal data, 1 to 8 = bad data record, 9 = no data
# Missing data values: Density and Speed = -9999.9, Temp. = -1.00e+05
# Source: ACE Satellite - Solar Wind Electron Proton Alpha Monitor
#
#   Hourly Averaged Real-time Bulk Parameters of the Solar Wind Plasma
# 
#                Modified Seconds   -------------  Solar Wind  -----------
# UT Date   Time  Julian  of the          Proton      Bulk         Ion
# YR MO DA  HHMM    Day     Day     S    Density     Speed     Temperature
#-------------------------------------------------------------------------
2021 09 01  0000   59458       0    0        5.6      353.8     2.93e+04
2021 09 01  0100   59458    3600    0        5.5      352.2     2.51e+04
2021 09 01  0200   59458    7200    1       10.8      345.8     4.32e+04
2021 09 01  0300   59458   10800    0       25.9      348.3     6.16e+04
2021 09 01  0400   59458   14400    3    -9999.9    -9999.9    -1.00e+05
2021 09 01  0500   59458   18000    0       31.6      377.2     8.05e+04
2021 09 01  0600   59458   21600    0       20.9      341.5     2.76e+04
2021 09 01  0700   59458   25200    0        7.2      341.4     2.14e+04
2021 09 01  0800   59458   28800    0        6.4      341.7     2.88e+04
2021 09 01  0900   59458   32400    0        5.9      352.1     3.44e+04
2021 09 01  1000   59458   36000    0        4.9      349.2     4.37e+04
2021 09 01  1100   59458   39600    0        4.6      357.0     3.64e+04
2021 09 01  1200   59458   43200    0        4.2      365.1     3.50e+04
2021 09 01  1300   59458   46800    3    -9999.9    -9999.9    -1.00e+05
2021 09 01  1400   59458   50400    0        3.3      351.7     4.93e+04
2021 09 01  1500   59458   54000    0        3.4      362.4     5.12e+04
2021 09 01  1600   59458   57600    9    -9999.9    -9999.9    -1.00e+05
2021 09 01  1700   59458   61200    9    -9999.9    -9999.9    -1.00e+05
2021 09 01  1800   59458   64800    9    -9999.9    -9999.9    -1.00e+05
2021 09 01  1900   59458   68400    9    -9999.9    -9999.9    -1.00e+05
2021 09 01  2000   59458   72000    9    -9999.9    -9999.9    -1.00e+05
2021 09 01  2100   59458   75600    9    -9999.9    -9999.9    -1.00e+05
2021 09 01  2200   59458   79200    9    -9999.9    -9999.9    -1.00e+05
2021 09 01  2300   59458   82800    9    -9999.9    -9999.9    -1.00e+05
2021 09 02  0000   59459       0    9    -9999.9    -9999.9    -1.00e+05
2021 09 02  0100   59459    3600    9    -9999.9    -9999.9    -1.00e+05
2021 09 02  0200   59459    7200    9    -9999.9    -9999.9    -1.00e+05
2021 09 02  0300   59459   10800    9    -9999.9    -9999.9    -1.00e+05
2021 09 02  0400   59459   14400    9    -9999.9    -9999.9    -1.00e+05
2021 09 02  0500   59459   18000    9    -9999.9    -9999.9    -1.00e+05
2021 09 02  0600   59459   21600    9    -9999.9    -9999.9    -1.00e+05
2021 09 02  0700   59459   25200    9    -9999.9    -9999.9    -1.00e+05
2021 09 02  0800   59459   28800    9    -9999.9    -9999.9    -1.00e+05
2021 09 02  0900   59459   32400    9    -9999.9    -9999.9    -1.00e+05
2021 09 02  1000   59459   36000    9    -9999.9    -9999.9    -1.00e+05
2021 09 02  1100   59459   39600    9    -9999.9    -9999.9    -1.00e+05
2021 09 02  1200   59459   43200    9    -9999.9    -9999.9    -1.00e+05
2021 09 02  1300   59459   46800    9    -9999.9    -9999.9    -1.00e+05
2021 09 02  1400   59459   50400    9    -9999.9    -9999.9    -1.00e+05
2021 09 02  1500   59459   54000    9    -9999.9    -9999.9    -1.00e+05
2021 09 02  1600   59459   57600    9    -9999.9    -9999.9    -1.00e+05
2021 09 02  1700   59459   61200    9    -9999.9    -9999.9    -1.00e+05
2021 09 02  1800   59459   64800    0        3.6      365.3     4.62e+04
2021 09 02  1900   59459   68400    0        4.0      366.4     3.44e+04
2021 09 02  2000   59459   72000    0        3.9      372.6     4.19e+04
2021 09 02  2100   59459   75600    3    -9999.9    -9999.9    -1.00e+05
2021 09 02  2200   59459   79200    0        4.4      366.2     3.04e+04
2021 09 02  2300   59459   82800    0        4.5      363.4     3.50e+04
2021 09 03  0000   59460       0    0        4.4      368.0     4.10e+04
2021 09 03  0100   59460    3600    0        5.0      381.8     4.79e+04
2021 09 03  0200   59460    7200    0        6.4      386.0     8.12e+04
2021 09 03  0300   59460   10800    0        6.2      388.4     7.06e+04
2021 09 03  0400   59460   14400    0        6.4      385.4     7.97e+04
2021 09 03  0500   59460   18000    0        5.5      384.9     7.88e+04
2021 09 03  0600   59460   21600    0        6.3      393.2     1.08e+05
2021 09 03  0700   59460   25200    0        6.4      395.1     9.88e+04
2021 09 03  0800   59460   28800    0        6.4      391.4     9.24e+04
2021 09 03  0900   59460   32400    0        9.3      393.9     1.03e+05
2021 09 03  1000   59460   36000    0        5.6      392.5     9.39e+04
2021 09 03  1100   59460   39600    0        5.6      399.1     7.61e+04
2021 09 03  1200   59460   43200    0        6.5      400.9     7.82e+04
2021 09 03  1300   59460   46800    0        5.9      388.9     6.83e+04
2021 09 03  1400   59460   50400    0        5.2      402.2     1.17e+05
2021 09 03  1500   59460   54000    0        5.0      404.0     1.30e+05
2021 09 03  1600   59460   57600    0        5.1      403.1     1.34e+05
2021 09 03  1700   59460   61200    0        4.8      391.9     1.30e+05
2021 09 03  1800   59460   64800    0        4.2      402.8     1.33e+05
2021 09 03  1900   59460   68400    0        3.9      401.8     1.28e+05
2021 09 03  2000   59460   72000    0        4.0      399.9     1.21e+05
2021 09 03  2100   59460   75600    0        4.8      399.9     1.07e+05
2021 09 03  2200   59460   79200    0        5.2      398.5     1.08e+05
2021 09 03  2300   59460   82800    0        5.1      398.5     1.03e+05
2021 09 04  0000   59461       0    0        5.2      398.7     7.70e+04
2021 09 04  0100   59461    3600    0        4.0      405.5     1.00e+05
2021 09 04  0200   59461    7200    0        3.5      425.3     1.10e+05
2021 09 04  0300   59461   10800    0        3.3      425.6     1.16e+05
2021 09 04  0400   59461   14400    0        3.7      424.0     1.19e+05
2021 09 04  0500   59461   18000    0        3.8      418.9     1.08e+05
2021 09 04  0600   59461   21600    0        4.5      417.3     1.16e+05
2021 09 04  0700   59461   25200    0        4.9      423.5     1.15e+05
2021 09 04  0800   59461   28800    0        5.6      430.1     1.10e+05
2021 09 04  0900   59461   32400    0        6.1      425.3     1.01e+05
2021 09 04  1000   59461   36000    0        5.0      413.0     1.18e+05
2021 09 04  1100   59461   39600    3    -9999.9    -9999.9    -1.00e+05
2021 09 04  1200   59461   43200    0        4.6      403.4     1.22e+05
2021 09 04  1300   59461   46800    0        5.2      395.4     1.11e+05
2021 09 04  1400   59461   50400    0        4.9      384.6     1.11e+05
2021 09 04  1500   59461   54000    0        4.8      372.9     9.14e+04
2021 09 04  1600   59461   57600    0        4.7      370.9     1.01e+05
2021 09 04  1700   59461   61200    0        4.9      373.6     8.10e+04
2021 09 04  1800   59461   64800    0        4.7      380.1     8.78e+04
2021 09 04  1900   59461   68400    0        4.8      382.7     9.86e+04
2021 09 04  2000   59461   72000    0        4.6      378.1     7.67e+04
2021 09 04  2100   59461   75600    0        4.6      379.8     7.75e+04
2021 09 04  2200   59461   79200    0        4.6      380.2     7.38e+04
2021 09 04  2300   59461   82800    0        4.5      382.5     7.10e+04
2021 09 05  0000   59462       0    0        4.5      371.3     5.67e+04
2021 09 05  0100   59462    3600    0        4.3      367.1     5.12e+04
2021 09 05  0200   59462    7200    0        4.5      365.8     3.87e+04
2021 09 05  0300   59462   10800    0        4.6      361.0     4.26e+04
2021 09 05  0400   59462   14400    0        4.4      357.8     4.29e+04
2021 09 05  0500   59462   18000    0        4.3      355.9     3.97e+04
2021 09 05  0600   59462   21600    0        4.9      354.0     3.72e+04
2021 09 05  0700   59462   25200    0        5.5      355.8     2.82e+04
2021 09 05  0800   59462   28800    0        2.1      344.1     3.90e+04
2021 09 05  0900   59462   32400    0        1.4      331.7     3.49e+04
2021 09 05  1000   59462   36000    0        1.6      326.9     3.29e+04
2021 09 05  1100   59462   39600    9    -9999.9    -9999.9    -1.00e+05
2021 09 05  1200   59462   43200    0        3.0      337.0     5.53e+04
2021 09 05  1300   59462   46800    0        7.2      338.0     5.11e+04
2021 09 05  1400   59462   50400    1        5.8      336.9     5.34e+04
2021 09 05  1500   59462   54000    0        4.5      330.6     5.19e+04
2021 09 05  1600   59462   57600    0        2.5      323.9     4.41e+04
2021 09 05  1700   59462   61200    0        2.8      323.9     4.76e+04
2021 09 05  1800   59462   64800    0        3.0      320.6     4.61e+04
2021 09 05  1900   59462   68400    0        3.8      317.0     3.12e+04
2021 09 05  2000   59462   72000    0        3.6      304.6     2.96e+04
2021 09 05  2100   59462   75600    0        3.2      304.9     2.64e+04
2021 09 05  2200   59462   79200    0        3.3      306.4     2.69e+04
2021 09 05  2300   59462   82800    0        3.5      305.7     2.70e+04
2021 09 06  0000   59463       0    0        2.9      309.8     2.42e+04
2021 09 06  0100   59463    3600    0        2.8      313.2     2.54e+04
2021 09 06  0200   59463    7200    0        3.1      315.7     2.75e+04
2021 09 06  0300   59463   10800    0        3.0      324.7     3.97e+04
2021 09 06  0400   59463   14400    0        3.8      334.5     4.34e+04
2021 09 06  0500   59463   18000    0        4.2      336.3     4.64e+04
2021 09 06  0600   59463   21600    0        4.2      337.2     5.13e+04
2021 09 06  0700   59463   25200    0        3.7      336.8     4.65e+04
2021 09 06  0800   59463   28800    0        3.5      334.6     4.67e+04
2021 09 06  0900   59463   32400    9    -9999.9    -9999.9    -1.00e+05
2021 09 06  1000   59463   36000    9    -9999.9    -9999.9    -1.00e+05
2021 09 06  1100   59463   39600    9    -9999.9    -9999.9    -1.00e+05
2021 09 06  1200   59463   43200    0        4.5      333.6     3.76e+04
2021 09 06  1300   59463   46800    0        4.9      334.7     3.60e+04
2021 09 06  1400   59463   50400    0        6.9      335.5     2.73e+04
2021 09 06  1500   59463   54000    0        5.3      323.8     3.58e+04
2021 09 06  1600   59463   57600    0        5.5      324.1     3.33e+04
2021 09 06  1700   59463   61200    0        4.3      317.1     3.38e+04
2021 09 06  1800   59463   64800    0        2.7      316.9     4.16e+04
2021 09 06  1900   59463   68400    0        2.8      311.5     4.97e+04
2021 09 06  2000   59463   72000    0        2.9      306.7     5.18e+04
2021 09 06  2100   59463   75600    0        3.5      302.1     3.52e+04
2021 09 06  2200   59463   79200    0        2.9      300.6     4.11e+04
2021 09 06  2300   59463   82800    0        2.8      302.1     5.34e+04
2021 09 07  0000   59464       0    0        2.2      307.1     6.32e+04
2021 09 07  0100   59464    3600    0        2.0      311.7     7.04e+04
2021 09 07  0200   59464    7200    0        2.5      310.4     4.96e+04
2021 09 07  0300   59464   10800    0        2.7      312.6     6.97e+04
2021 09 07  0400   59464   14400    0        3.8      323.9     4.08e+04
2021 09 07  0500   59464   18000    0        4.4      316.5     3.45e+04
2021 09 07  0600   59464   21600    0        4.6      313.5     3.01e+04
2021 09 07  0700   59464   25200    0        4.2      317.1     2.94e+04
2021 09 07  0800   59464   28800    0        3.0      301.3     4.37e+04
2021 09 07  0900   59464   32400    9    -9999.9    -9999.9    -1.00e+05
2021 09 07  1000   59464   36000    9    -9999.9    -9999.9    -1.00e+05
2021 09 07  1100   59464   39600    0        3.0      320.2     4.27e+04
2021 09 07  1200   59464   43200    0        3.4      321.5     4.28e+04
2021 09 07  1300   59464   46800    0       11.7      358.5     6.56e+04
2021 09 07  1400   59464   50400    3    -9999.9    -9999.9    -1.00e+05
2021 09 07  1500   59464   54000    0       15.6      370.7     3.70e+04
2021 09 07  1600   59464   57600    0       15.2      366.9     3.18e+04
2021 09 07  1700   59464   61200    0        9.4      362.1     4.06e+04
2021 09 07  1800   59464   64800    0        9.7      365.3     4.13e+04
2021 09 07  1900   59464   68400    0       11.8      366.9     4.25e+04
2021 09 07  2000   59464   72000    0       12.6      377.5     3.85e+04
2021 09 07  2100   59464   75600    0       12.3      374.4     4.02e+04
2021 09 07  2200   59464   79200    0       10.4      368.7     3.94e+04
2021 09 07  2300   59464   82800    0        9.6      363.0     4.19e+04
2021 09 08  0000   59465       0    0        9.3      359.3     3.19e+04
2021 09 08  0100   59465    3600    0        7.8      360.4     3.22e+04
2021 09 08  0200   59465    7200    0        8.5      359.6     4.96e+04
2021 09 08  0300   59465   10800    0        9.3      359.5     5.48e+04
2021 09 08  0400   59465   14400    0       10.4      365.9     4.90e+04
2021 09 08  0500   59465   18000    0       10.1      374.8     5.08e+04
2021 09 08  0600   59465   21600    0       12.8      386.0     8.10e+04
2021 09 08  0700   59465   25200    0       16.7      400.3     8.53e+04
2021 09 08  0800   59465   28800    0       13.8      408.2     8.02e+04
2021 09 08  0900   59465   32400    0        7.5      411.0     1.59e+05
2021 09 08  1000   59465   36000    0        6.0      420.7     1.86e+05
2021 09 08  1100   59465   39600    1        5.0      417.1     2.11e+05
2021 09 08  1200   59465   43200    0        4.1      399.4     1.61e+05
2021 09 08  1300   59465   46800    0        3.1      395.3     1.36e+05
2021 09 08  1400   59465   50400    0        3.9      397.4     1.17e+05
2021 09 08  1500   59465   54000    0        3.1      393.4     1.22e+05
2021 09 08  1600   59465   57600    0        2.6      399.7     9.96e+04
2021 09 08  1700   59465   61200    3    -9999.9    -9999.9    -1.00e+05
2021 09 08  1800   59465   64800    0        2.9      395.5     3.89e+04
2021 09 08  1900   59465   68400    0        2.6      394.5     4.17e+04
2021 09 08  2000   59465   72000    0        3.1      393.4     4.33e+04
2021 09 08  2100   59465   75600    0        3.1      395.8     8.61e+04
2021 09 08  2200   59465   79200    0        3.3      395.2     1.04e+05
2021 09 08  2300   59465   82800    0        3.1      396.0     8.33e+04
2021 09 09  0000   59466       0    0        2.8      391.5     7.81e+04
2021 09 09  0100   59466    3600    0        2.7      394.2     8.66e+04
2021 09 09  0200   59466    7200    0        2.3      396.1     7.16e+04
2021 09 09  0300   59466   10800    0        1.7      399.6     5.69e+04
2021 09 09  0400   59466   14400    0        2.1      404.0     5.27e+04
2021 09 09  0500   59466   18000    0        2.2      394.0     4.63e+04
2021 09 09  0600   59466   21600    0        2.0      397.7     4.62e+04
2021 09 09  0700   59466   25200    0        2.0      403.7     5.72e+04
2021 09 09  0800   59466   28800    0        1.7      397.2     4.98e+04
2021 09 09  0900   59466   32400    0        1.5      399.8     4.54e+04
2021 09 09  1000   59466   36000    0        1.8      395.6     4.32e+04
2021 09 09  1100   59466   39600    0        2.0      391.4     4.18e+04
2021 09 09  1200   59466   43200    0        1.8      376.3     2.45e+04
2021 09 09  1300   59466   46800    0        2.1      370.8     2.40e+04
2021 09 09  1400   59466   50400    0        2.1      366.2     3.09e+04
2021 09 09  1500   59466   54000    0        2.0      369.2     2.40e+04
2021 09 09  1600   59466   57600    0        2.1      369.1     2.59e+04
2021 09 09  1700   59466   61200    0        3.9      371.5     3.22e+04
2021 09 09  1800   59466   64800    0        3.6      383.2     2.89e+04
2021 09 09  1900   59466   68400    1        3.7      373.7     3.39e+04
2021 09 09  2000   59466   72000    0        1.7      365.5     2.28e+04
2021 09 09  2100   59466   75600    0        5.4      361.9     2.54e+04
2021 09 09  2200   59466   79200    0        7.9      362.5     2.32e+04
2021 09 09  2300   59466   82800    0        8.9      366.1     1.78e+04
2021 09 10  0000   59467       0    0        8.8      363.2     1.80e+04
2021 09 10  0100   59467    3600    0       10.5      370.0     2.20e+04
2021 09 10  0200   59467    7200    0       10.5      374.7     2.58e+04
2021 09 10  0300   59467   10800    0       15.9      371.3     2.12e+04
2021 09 10  0400   59467   14400    0       16.0      367.1     1.91e+04
2021 09 10  0500   59467   18000    0        6.5      368.8     1.31e+04
2021 09 10  0600   59467   21600    0        3.9      374.4     1.55e+04
2021 09 10  0700   59467   25200    0        3.7      375.5     1.72e+04
2021 09 10  0800   59467   28800    0        2.7      375.6     4.89e+04
2021 09 10  0900   59467   32400    0        3.9      372.5     3.65e+04
2021 09 10  1000   59467   36000    0        5.3      372.7     4.30e+04
2021 09 10  1100   59467   39600    0        6.5      367.6     3.41e+04
2021 09 10  1200   59467   43200    0        6.7      366.1     2.85e+04
2021 09 10  1300   59467   46800    0        9.5      357.6     3.23e+04
2021 09 10  1400   59467   50400    0       14.2      356.3     2.48e+04
2021 09 10  1500   59467   54000    0       20.0      362.2     1.69e+04
2021 09 10  1600   59467   57600    0       20.6      359.2     1.18e+04
2021 09 10  1700   59467   61200    0       20.0      357.1     1.18e+04
2021 09 10  1800   59467   64800    0       19.1      356.4     1.17e+04
2021 09 10  1900   59467   68400    0       15.7      354.6     1.26e+04
2021 09 10  2000   59467   72000    0       18.0      353.3     1.64e+04
2021 09 10  2100   59467   75600    0       18.3      349.7     2.37e+04
2021 09 10  2200   59467   79200    0       11.1      346.7     2.65e+04
2021 09 10  2300   59467   82800    0        4.8      357.0     3.39e+04
2021 09 11  0000   59468       0    0        4.8      358.3     4.64e+04
2021 09 11  0100   59468    3600    1        5.3      358.1     4.01e+04
2021 09 11  0200   59468    7200    0        5.0      353.1     2.96e+04
2021 09 11  0300   59468   10800    0        4.9      349.3     2.36e+04
2021 09 11  0400   59468   14400    0        5.9      351.8     3.00e+04
2021 09 11  0500   59468   18000    0        6.1      352.2     2.81e+04
2021 09 11  0600   59468   21600    0        7.5      353.8     2.95e+04
2021 09 11  0700   59468   25200    0        6.3      348.3     3.35e+04
2021 09 11  0800   59468   28800    0        5.7      344.2     3.85e+04
2021 09 11  0900   59468   32400    0        4.3      337.7     4.54e+04
2021 09 11  1000   59468   36000    0        4.3      337.4     5.22e+04
2021 09 11  1100   59468   39600    0        5.3      335.4     5.30e+04
2021 09 11  1200   59468   43200    0        5.5      332.0     4.24e+04
2021 09 11  1300   59468   46800    0        3.3      322.4     4.35e+04
2021 09 11  1400   59468   50400    0        4.4      325.1     3.73e+04
2021 09 11  1500   59468   54000    0        6.1      323.5     3.05e+04
2021 09 11  1600   59468   57600    0        7.1      325.8     3.23e+04
2021 09 11  1700   59468   61200    0        6.9      340.5     3.68e+04
2021 09 11  1800   59468   64800    0        3.8      333.5     3.56e+04
2021 09 11  1900   59468   68400    0        4.5      332.3     3.93e+04
2021 09 11  2000   59468   72000    0        1.5      327.3     3.58e+04
2021 09 11  2100   59468   75600    0        2.1      330.3     4.17e+04
2021 09 11  2200   59468   79200    0        3.8      323.1     3.44e+04
2021 09 11  2300   59468   82800    0        4.5      312.3     2.13e+04
2021 09 12  0000   59469       0    0        2.5      304.5     1.55e+04
2021 09 12  0100   59469    3600    0        1.9      302.9     1.75e+04
2021 09 12  0200   59469    7200    0        3.3      310.4     2.08e+04
2021 09 12  0300   59469   10800    0        4.4      317.2     2.24e+04
2021 09 12  0400   59469   14400    0        5.0      331.5     3.72e+04
2021 09 12  0500   59469   18000    0        2.9      337.0     6.03e+04
2021 09 12  0600   59469   21600    0        5.1      339.9     3.64e+04
2021 09 12  0700   59469   25200    0        4.2      336.4     4.21e+04
2021 09 12  0800   59469   28800    0        2.7      351.2     4.00e+04
2021 09 12  0900   59469   32400    0        5.4      364.2     5.32e+04
2021 09 12  1000   59469   36000    0        4.2      362.1     5.86e+04
2021 09 12  1100   59469   39600    0        3.9      361.0     5.55e+04
2021 09 12  1200   59469   43200    0        4.0      362.4     5.70e+04
2021 09 12  1300   59469   46800    0        3.1      367.6     5.14e+04
2021 09 12  1400   59469   50400    0        2.9      376.5     5.27e+04
2021 09 12  1500   59469   54000    0        2.8      375.5     4.72e+04
2021 09 12  1600   59469   57600    0        3.7      378.1     4.07e+04
2021 09 12  1700   59469   61200    0        8.4      375.6     3.41e+04
2021 09 12  1800   59469   64800    0       14.0      380.5     1.74e+04
2021 09 12  1900   59469   68400    0       14.5      391.1     2.09e+04
2021 09 12  2000   59469   72000    0       15.6      395.6     2.71e+04
2021 09 12  2100   59469   75600    0        7.3      405.1     4.32e+04
2021 09 12  2200   59469   79200    0        4.8      414.2     6.83e+04
2021 09 12  2300   59469   82800    0        4.2      414.6     9.84e+04
2021 09 13  0000   59470       0    0        2.8      421.3     1.14e+05
2021 09 13  0100   59470    3600    0        3.4      419.2     9.63e+04
2021 09 13  0200   59470    7200    0        2.9      421.0     8.83e+04
2021 09 13  0300   59470   10800    0        1.7      430.3     1.09e+05
2021 09 13  0400   59470   14400    0        2.1      431.1     1.02e+05
2021 09 13  0500   59470   18000    0        1.2      446.3     1.72e+05
2021 09 13  0600   59470   21600    0        2.0      450.7     2.36e+05
2021 09 13  0700   59470   25200    0        2.6      459.0     1.92e+05
2021 09 13  0800   59470   28800    1        2.6      445.5     2.12e+05
2021 09 13  0900   59470   32400    1        1.8      460.0     2.23e+05
2021 09 13  1000   59470   36000    1        1.4      458.5     2.11e+05
2021 09 13  1100   59470   39600    0        1.7      457.0     2.10e+05
2021 09 13  1200   59470   43200    0        1.2      444.5     1.66e+05
2021 09 13  1300   59470   46800    0        1.8      446.2     1.69e+05
2021 09 13  1400   59470   50400    9    -9999.9    -9999.9    -1.00e+05
2021 09 13  1500   59470   54000    1        1.7      473.5     1.70e+05
2021 09 13  1600   59470   57600    1        1.6      486.5     1.38e+05
2021 09 13  1700   59470   61200    1        1.5      482.7     1.25e+05
2021 09 13  1800   59470   64800    1        1.7      471.2     1.23e+05
2021 09 13  1900   59470   68400    1        1.8      479.0     1.22e+05
2021 09 13  2000   59470   72000    1        1.3      484.8     1.30e+05
2021 09 13  2100   59470   75600    1        1.9      471.2     1.25e+05
2021 09 13  2200   59470   79200    9    -9999.9    -9999.9    -1.00e+05
2021 09 13  2300   59470   82800    9    -9999.9    -9999.9    -1.00e+05
2021 09 14  0000   59471       0    9    -9999.9    -9999.9    -1.00e+05
2021 09 14  0100   59471    3600    1        2.1      458.2     1.20e+05
2021 09 14  0200   59471    7200    1        2.2      455.4     1.20e+05
2021 09 14  0300   59471   10800    1        2.4      456.0     8.85e+04
2021 09 14  0400   59471   14400    0        2.3      445.3     7.62e+04
2021 09 14  0500   59471   18000    0        2.3      438.3     5.65e+04
2021 09 14  0600   59471   21600    0        2.2      438.0     4.82e+04
2021 09 14  0700   59471   25200    0        2.2      440.6     6.96e+04
2021 09 14  0800   59471   28800    1        2.4      456.1     6.23e+04
2021 09 14  0900   59471   32400    1        2.5      443.8     6.72e+04
2021 09 14  1000   59471   36000    0        2.6      440.5     7.47e+04
2021 09 14  1100   59471   39600    0        2.4      451.8     5.03e+04
2021 09 14  1200   59471   43200    0        3.5      448.9     3.66e+04
2021 09 14  1300   59471   46800    0        3.6      456.8     3.40e+04
2021 09 14  1400   59471   50400    0        3.5      459.1     3.57e+04
2021 09 14  1500   59471   54000    0        2.5      443.8     6.35e+04
2021 09 14  1600   59471   57600    0        2.3      439.5     8.59e+04
2021 09 14  1700   59471   61200    0        2.3      436.8     1.04e+05
2021 09 14  1800   59471   64800    0        2.5      429.3     8.20e+04
2021 09 14  1900   59471   68400    0        2.6      431.2     7.60e+04
2021 09 14  2000   59471   72000    0        2.6      437.8     6.44e+04
2021 09 14  2100   59471   75600    0        2.4      433.0     7.70e+04
2021 09 14  2200   59471   79200    9    -9999.9    -9999.9    -1.00e+05
2021 09 14  2300   59471   82800    9    -9999.9    -9999.9    -1.00e+05
2021 09 15  0000   59472       0    9    -9999.9    -9999.9    -1.00e+05
2021 09 15  0100   59472    3600    9    -9999.9    -9999.9    -1.00e+05
2021 09 15  0200   59472    7200    9    -9999.9    -9999.9    -1.00e+05
2021 09 15  0300   59472   10800    9    -9999.9    -9999.9    -1.00e+05
2021 09 15  0400   59472   14400    9    -9999.9    -9999.9    -1.00e+05
2021 09 15  0500   59472   18000    9    -9999.9    -9999.9    -1.00e+05
2021 09 15  0600   59472   21600    9    -9999.9    -9999.9    -1.00e+05
2021 09 15  0700   59472   25200    0        2.7      418.4     5.10e+04
2021 09 15  0800   59472   28800    0        2.7      412.4     5.52e+04
2021 09 15  0900   59472   32400    1        2.4      397.0     1.02e+05
2021 09 15  1000   59472   36000    1        2.4      397.1     1.17e+05
2021 09 15  1100   59472   39600    0        2.5      391.9     1.00e+05
2021 09 15  1200   59472   43200    0        2.4      385.6     8.78e+04
2021 09 15  1300   59472   46800    0        2.1      376.6     5.95e+04
2021 09 15  1400   59472   50400    0        2.0      372.5     6.88e+04
2021 09 15  1500   59472   54000    9    -9999.9    -9999.9    -1.00e+05
2021 09 15  1600   59472   57600    0        2.5      376.0     6.92e+04
2021 09 15  1700   59472   61200    0        2.6      372.8     1.02e+05
2021 09 15  1800   59472   64800    0        2.5      370.3     8.11e+04
2021 09 15  1900   59472   68400    0        2.2      371.9     7.86e+04
2021 09 15  2000   59472   72000    0        2.1      373.0     7.65e+04
2021 09 15  2100   59472   75600    0        2.2      371.0     8.65e+04
2021 09 15  2200   59472   79200    9    -9999.9    -9999.9    -1.00e+05
2021 09 15  2300   59472   82800    0        2.5      364.4     6.99e+04
2021 09 16  0000   59473       0    0        2.7      360.5     7.18e+04
2021 09 16  0100   59473    3600    0        2.3      360.4     7.70e+04
2021 09 16  0200   59473    7200    0        1.8      369.0     7.12e+04
2021 09 16  0300   59473   10800    0        2.1      359.4     8.18e+04
2021 09 16  0400   59473   14400    9    -9999.9    -9999.9    -1.00e+05
2021 09 16  0500   59473   18000    9    -9999.9    -9999.9    -1.00e+05
2021 09 16  0600   59473   21600    9    -9999.9    -9999.9    -1.00e+05
2021 09 16  0700   59473   25200    0        2.4      342.9     5.17e+04
2021 09 16  0800   59473   28800    0        2.4      346.4     5.61e+04
2021 09 16  0900   59473   32400    0        1.5      345.3     5.64e+04
2021 09 16  1000   59473   36000    0        2.2      357.9     6.92e+04
2021 09 16  1100   59473   39600    0        2.2      354.4     9.32e+04
2021 09 16  1200   59473   43200    0        1.9      360.4     9.88e+04
2021 09 16  1300   59473   46800    0        2.0      357.1     8.56e+04
2021 09 16  1400   59473   50400    0        1.8      354.4     9.46e+04
2021 09 16  1500   59473   54000    0        1.6      355.8     9.30e+04
2021 09 16  1600   59473   57600    0        1.1      352.4     9.92e+04
2021 09 16  1700   59473   61200    0        0.8      349.5     7.36e+04
2021 09 16  1800   59473   64800    0        1.5      344.7     5.61e+04
2021 09 16  1900   59473   68400    0        1.5      348.0     1.03e+05
2021 09 16  2000   59473   72000    0        1.5      350.8     8.68e+04
2021 09 16  2100   59473   75600    9    -9999.9    -9999.9    -1.00e+05
2021 09 16  2200   59473   79200    9    -9999.9    -9999.9    -1.00e+05
2021 09 16  2300   59473   82800    9    -9999.9    -9999.9    -1.00e+05
2021 09 17  0000   59474       0    9    -9999.9    -9999.9    -1.00e+05
2021 09 17  0100   59474    3600    9    -9999.9    -9999.9    -1.00e+05
2021 09 17  0200   59474    7200    9    -9999.9    -9999.9    -1.00e+05
2021 09 17  0300   59474   10800    1        1.9      369.1     7.58e+04
2021 09 17  0400   59474   14400    0        4.2      350.1     4.23e+04
2021 09 17  0500   59474   18000    0        1.7      329.4     4.82e+04
2021 09 17  0600   59474   21600    1        0.8      324.2     4.96e+04
2021 09 17  0700   59474   25200    1        2.0      324.2     7.72e+04
2021 09 17  0800   59474   28800    0        5.1      351.2     8.95e+04
2021 09 17  0900   59474   32400    0        5.7      367.7     6.29e+04
2021 09 17  1000   59474   36000    0        9.3      369.9     3.43e+04
2021 09 17  1100   59474   39600    0        7.9      361.1     3.26e+04
2021 09 17  1200   59474   43200    0        6.2      350.4     4.69e+04
2021 09 17  1300   59474   46800    0        4.8      344.0     6.27e+04
2021 09 17  1400   59474   50400    0        7.0      350.8     4.50e+04
2021 09 17  1500   59474   54000    0       10.1      369.5     5.78e+04
2021 09 17  1600   59474   57600    0       17.0      380.9     1.01e+05
2021 09 17  1700   59474   61200    0       21.4      397.9     8.12e+04
2021 09 17  1800   59474   64800    0       12.1      403.8     7.92e+04
2021 09 17  1900   59474   68400    0       26.5      398.6     5.47e+04
2021 09 17  2000   59474   72000    0       28.5      401.5     5.68e+04
2021 09 17  2100   59474   75600    0       16.3      407.1     3.54e+04
2021 09 17  2200   59474   79200    0       11.2      403.4     2.71e+04
2021 09 17  2300   59474   82800    0        9.3      394.8     2.99e+04
2021 09 18  0000   59475       0    0       10.5      374.9     2.81e+04
2021 09 18  0100   59475    3600    0       11.6      383.8     3.12e+04
2021 09 18  0200   59475    7200    0        5.5      404.3     3.64e+04
2021 09 18  0300   59475   10800    0       12.9      416.1     4.10e+04
2021 09 18  0400   59475   14400    0       14.2      412.5     4.06e+04
2021 09 18  0500   59475   18000    0       12.9      405.3     4.08e+04
2021 09 18  0600   59475   21600    0       11.2      402.8     4.81e+04
2021 09 18  0700   59475   25200    0        6.0      387.2     4.69e+04
2021 09 18  0800   59475   28800    0        4.8      376.2     2.53e+04
2021 09 18  0900   59475   32400    0        5.2      381.8     2.64e+04
2021 09 18  1000   59475   36000    0        7.4      394.8     5.81e+04
2021 09 18  1100   59475   39600    0       13.2      388.8     5.27e+04
2021 09 18  1200   59475   43200    0        5.6      402.8     6.78e+04
2021 09 18  1300   59475   46800    0        3.5      406.2     1.04e+05
2021 09 18  1400   59475   50400    3    -9999.9    -9999.9    -1.00e+05
2021 09 18  1500   59475   54000    0        2.4      406.2     1.07e+05
2021 09 18  1600   59475   57600    0        2.6      404.3     1.11e+05
2021 09 18  1700   59475   61200    0        2.2      400.3     1.03e+05
2021 09 18  1800   59475   64800    0        2.8      394.6     8.03e+04
2021 09 18  1900   59475   68400    0        3.1      398.1     8.55e+04
2021 09 18  2000   59475   72000    0        2.5      404.3     7.35e+04
2021 09 18  2100   59475   75600    0        1.9      402.0     6.17e+04
2021 09 18  2200   59475   79200    0        2.5      398.7     6.59e+04
2021 09 18  2300   59475   82800    0        1.7      391.7     7.34e+04
2021 09 19  0000   59476       0    1        1.3      392.9     8.28e+04
2021 09 19  0100   59476    3600    0        1.5      391.9     7.18e+04
2021 09 19  0200   59476    7200    0        1.1      386.2     8.79e+04
2021 09 19  0300   59476   10800    0        0.7      384.3     9.39e+04
2021 09 19  0400   59476   14400    1        0.4      367.0     8.18e+04
2021 09 19  0500   59476   18000    1        0.3      363.3     7.47e+04
2021 09 19  0600   59476   21600    1        0.2      349.6     6.42e+04
2021 09 19  0700   59476   25200    0        0.4      359.5     5.83e+04
2021 09 19  0800   59476   28800    0        0.5      345.6     6.83e+04
2021 09 19  0900   59476   32400    0        0.7      338.4     4.91e+04
2021 09 19  1000   59476   36000    0        0.9      337.2     5.95e+04
2021 09 19  1100   59476   39600    0        0.9      354.0     4.56e+04
2021 09 19  1200   59476   43200    0        1.0      352.0     3.83e+04
2021 09 19  1300   59476   46800    0        1.2      345.2     3.78e+04
2021 09 19  1400   59476   50400    0        1.2      339.0     2.94e+04
2021 09 19  1500   59476   54000    0        1.2      331.6     2.88e+04
2021 09 19  1600   59476   57600    1        1.3      326.9     3.89e+04
2021 09 19  1700   59476   61200    0        1.5      328.3     3.75e+04
2021 09 19  1800   59476   64800    0        1.4      323.7     3.27e+04
2021 09 19  1900   59476   68400    0        1.4      323.7     2.74e+04
2021 09 19  2000   59476   72000    0        1.6      325.5     4.59e+04
2021 09 19  2100   59476   75600    0        1.7      321.7     4.45e+04
2021 09 19  2200   59476   79200    0        1.9      318.2     2.98e+04
2021 09 19  2300   59476   82800    0        1.9      312.9     2.16e+04
2021 09 20  0000   59477       0    0        1.8      312.3     3.43e+04
2021 09 20  0100   59477    3600    0        1.9      308.5     2.65e+04
2021 09 20  0200   59477    7200    0        1.6      316.9     2.35e+04
2021 09 20  0300   59477   10800    0        1.7      317.9     1.85e+04
2021 09 20  0400   59477   14400    0        2.0      315.2     4.51e+04
2021 09 20  0500   59477   18000    0        1.9      312.1     4.55e+04
2021 09 20  0600   59477   21600    0        1.9      299.7     2.99e+04
2021 09 20  0700   59477   25200    0        2.2      307.8     2.83e+04
2021 09 20  0800   59477   28800    0        2.5      323.9     2.94e+04
2021 09 20  0900   59477   32400    0        4.8      319.5     3.18e+04
2021 09 20  1000   59477   36000    0        2.3      312.9     3.11e+04
2021 09 20  1100   59477   39600    0        1.9      320.2     2.50e+04
2021 09 20  1200   59477   43200    0        1.8      313.4     1.33e+04
2021 09 20  1300   59477   46800    0        2.7      313.9     1.36e+04
2021 09 20  1400   59477   50400    0        2.8      312.0     1.24e+04
2021 09 20  1500   59477   54000    0        2.6      312.8     1.16e+04
2021 09 20  1600   59477   57600    0        3.2      309.8     1.15e+04
2021 09 20  1700   59477   61200    0        3.1      307.6     1.28e+04
2021 09 20  1800   59477   64800    0        2.9      306.5     1.52e+04
2021 09 20  1900   59477   68400    9    -9999.9    -9999.9    -1.00e+05
2021 09 20  2000   59477   72000    0        3.6      305.2     1.55e+04
2021 09 20  2100   59477   75600    0        3.6      311.5     1.58e+04
2021 09 20  2200   59477   79200    9    -9999.9    -9999.9    -1.00e+05
2021 09 20  2300   59477   82800    9    -9999.9    -9999.9    -1.00e+05
2021 09 21  0000   59478       0    9    -9999.9    -9999.9    -1.00e+05
2021 09 21  0100   59478    3600    0        5.8      338.0     3.26e+04
2021 09 21  0200   59478    7200    0        5.5      336.6     3.28e+04
2021 09 21  0300   59478   10800    0        4.6      335.2     3.87e+04
2021 09 21  0400   59478   14400    0        4.3      339.6     3.22e+04
2021 09 21  0500   59478   18000    0        6.1      339.2     3.59e+04
2021 09 21  0600   59478   21600    0        6.9      336.4     3.23e+04
2021 09 21  0700   59478   25200    0        8.1      323.2     2.51e+04
2021 09 21  0800   59478   28800    0        9.0      322.7     3.00e+04
2021 09 21  0900   59478   32400    0        9.4      316.5     2.53e+04
2021 09 21  1000   59478   36000    0        7.4      304.6     2.05e+04
2021 09 21  1100   59478   39600    0        7.4      312.6     2.42e+04
2021 09 21  1200   59478   43200    0        9.3      309.1     2.29e+04
2021 09 21  1300   59478   46800    0        7.8      309.6     2.13e+04
2021 09 21  1400   59478   50400    0        6.0      335.2     2.77e+04
2021 09 21  1500   59478   54000    0       13.0      339.7     2.30e+04
2021 09 21  1600   59478   57600    0       13.3      335.8     2.36e+04
2021 09 21  1700   59478   61200    0       17.5      336.7     2.48e+04
2021 09 21  1800   59478   64800    0       14.6      338.3     2.89e+04
2021 09 21  1900   59478   68400    0        9.1      336.0     3.07e+04
2021 09 21  2000   59478   72000    0       14.1      340.2     3.13e+04
2021 09 21  2100   59478   75600    0       16.7      336.7     3.36e+04
2021 09 21  2200   59478   79200    0       22.7      341.9     3.21e+04
2021 09 21  2300   59478   82800    0        8.1      359.9     5.56e+04
2021 09 22  0000   59479       0    0        5.2      364.5     8.23e+04
2021 09 22  0100   59479    3600    0        5.9      365.6     9.73e+04
2021 09 22  0200   59479    7200    0        5.1      376.5     1.30e+05
2021 09 22  0300   59479   10800    0        5.5      379.8     1.41e+05
2021 09 22  0400   59479   14400    0        6.2      378.6     1.16e+05
2021 09 22  0500   59479   18000    0        5.8      377.6     6.98e+04
2021 09 22  0600   59479   21600    0        5.5      374.7     7.32e+04
2021 09 22  0700   59479   25200    0        4.9      378.4     7.36e+04
2021 09 22  0800   59479   28800    1        4.5      377.3     1.03e+05
2021 09 22  0900   59479   32400    3    -9999.9    -9999.9    -1.00e+05
2021 09 22  1000   59479   36000    0        4.0      379.7     6.92e+04
2021 09 22  1100   59479   39600    0        3.9      395.4     5.53e+04
2021 09 22  1200   59479   43200    0        3.9      387.9     5.95e+04
2021 09 22  1300   59479   46800    0        4.2      383.7     6.48e+04
2021 09 22  1400   59479   50400    0        4.3      382.9     7.78e+04
2021 09 22  1500   59479   54000    0        4.9      378.2     5.95e+04
2021 09 22  1600   59479   57600    0        4.7      375.1     6.39e+04
2021 09 22  1700   59479   61200    0        4.9      372.6     5.99e+04
2021 09 22  1800   59479   64800    0        4.7      371.3     5.45e+04
2021 09 22  1900   59479   68400    0        5.3      374.3     5.21e+04
2021 09 22  2000   59479   72000    0        5.6      364.7     6.63e+04
2021 09 22  2100   59479   75600    0        5.2      361.8     7.31e+04
2021 09 22  2200   59479   79200    0        6.2      369.4     5.19e+04
2021 09 22  2300   59479   82800    0        5.7      374.1     3.47e+04
2021 09 23  0000   59480       0    0        5.6      371.7     4.85e+04
2021 09 23  0100   59480    3600    0        5.2      368.2     6.94e+04
2021 09 23  0200   59480    7200    0        6.3      370.5     6.08e+04
2021 09 23  0300   59480   10800    0        8.4      386.1     4.17e+04
2021 09 23  0400   59480   14400    0        8.2      378.2     5.66e+04
2021 09 23  0500   59480   18000    0        6.9      379.3     5.44e+04
2021 09 23  0600   59480   21600    0        7.8      377.2     5.11e+04
2021 09 23  0700   59480   25200    0        8.6      371.8     4.90e+04
2021 09 23  0800   59480   28800    9    -9999.9    -9999.9    -1.00e+05
2021 09 23  0900   59480   32400    9    -9999.9    -9999.9    -1.00e+05
2021 09 23  1000   59480   36000    9    -9999.9    -9999.9    -1.00e+05
2021 09 23  1100   59480   39600    0       11.4      380.2     4.78e+04
2021 09 23  1200   59480   43200    0       11.4      386.1     4.57e+04
2021 09 23  1300   59480   46800    0       15.5      392.0     4.52e+04
2021 09 23  1400   59480   50400    0       12.9      398.0     4.93e+04
2021 09 23  1500   59480   54000    0       11.7      391.4     4.96e+04
2021 09 23  1600   59480   57600    0       10.4      396.2     6.81e+04
2021 09 23  1700   59480   61200    0        5.1      390.2     6.80e+04
2021 09 23  1800   59480   64800    0        8.8      394.4     4.90e+04
2021 09 23  1900   59480   68400    1        4.9      393.1     9.81e+04
2021 09 23  2000   59480   72000    0        5.0      391.8     1.14e+05
2021 09 23  2100   59480   75600    0        7.5      390.7     1.18e+05
2021 09 23  2200   59480   79200    0        6.8      390.8     9.37e+04
2021 09 23  2300   59480   82800    0        7.2      410.9     7.42e+04
2021 09 24  0000   59481       0    0        6.9      418.7     7.64e+04
2021 09 24  0100   59481    3600    0        6.5      444.4     8.82e+04
2021 09 24  0200   59481    7200    0        6.5      437.4     1.06e+05
2021 09 24  0300   59481   10800    0        5.7      444.1     9.18e+04
2021 09 24  0400   59481   14400    0        4.8      462.2     1.52e+05
2021 09 24  0500   59481   18000    1        4.0      472.3     1.72e+05
2021 09 24  0600   59481   21600    0        4.0      460.5     1.55e+05
2021 09 24  0700   59481   25200    1        4.6      458.3     1.37e+05
2021 09 24  0800   59481   28800    6        4.4      477.6     1.90e+05
2021 09 24  0900   59481   32400    0        4.0      478.2     1.85e+05
2021 09 24  1000   59481   36000    0        3.7      483.0     1.95e+05
2021 09 24  1100   59481   39600    1        4.1      482.0     1.91e+05
2021 09 24  1200   59481   43200    0        4.3      470.8     1.80e+05
2021 09 24  1300   59481   46800    9    -9999.9    -9999.9    -1.00e+05
2021 09 24  1400   59481   50400    9    -9999.9    -9999.9    -1.00e+05
2021 09 24  1500   59481   54000    9    -9999.9    -9999.9    -1.00e+05
2021 09 24  1600   59481   57600    0        3.1      466.7     1.23e+05
2021 09 24  1700   59481   61200    0        2.9      472.7     9.50e+04
2021 09 24  1800   59481   64800    0        2.1      471.4     1.18e+05
2021 09 24  1900   59481   68400    1        2.9      460.6     1.13e+05
2021 09 24  2000   59481   72000    1        2.9      457.6     1.06e+05
2021 09 24  2100   59481   75600    1        5.4      475.1     1.38e+05
2021 09 24  2200   59481   79200    0        2.5      478.2     1.57e+05
2021 09 24  2300   59481   82800    1        2.1      486.2     1.48e+05
2021 09 25  0000   59482       0    0        1.8      481.7     1.65e+05
2021 09 25  0100   59482    3600    0        2.6      505.8     1.48e+05
2021 09 25  0200   59482    7200    0        2.2      520.8     1.63e+05
2021 09 25  0300   59482   10800    0        2.2      547.7     1.77e+05
2021 09 25  0400   59482   14400    0        2.5      559.5     1.64e+05
2021 09 25  0500   59482   18000    0        2.5      549.3     1.60e+05
2021 09 25  0600   59482   21600    0        2.3      554.4     1.50e+05
2021 09 25  0700   59482   25200    0        2.1      552.4     1.27e+05
2021 09 25  0800   59482   28800    9    -9999.9    -9999.9    -1.00e+05
2021 09 25  0900   59482   32400    0        1.9      535.4     1.31e+05
2021 09 25  1000   59482   36000    1        2.0      527.2     1.59e+05
2021 09 25  1100   59482   39600    0        1.8      517.0     1.58e+05
2021 09 25  1200   59482   43200    1        2.0      516.9     1.53e+05
2021 09 25  1300   59482   46800    0        2.3      505.3     1.54e+05
2021 09 25  1400   59482   50400    0        2.2      495.0     1.43e+05
2021 09 25  1500   59482   54000    0        2.2      491.5     1.45e+05
2021 09 25  1600   59482   57600    0        2.3      493.6     1.38e+05
2021 09 25  1700   59482   61200    1        2.5      483.0     1.20e+05
2021 09 25  1800   59482   64800    0        2.1      494.4     1.12e+05
2021 09 25  1900   59482   68400    0        2.0      485.4     1.00e+05
2021 09 25  2000   59482   72000    0        2.5      459.3     5.23e+04
2021 09 25  2100   59482   75600    0        2.4      456.5     6.91e+04
2021 09 25  2200   59482   79200    0        2.1      458.3     7.19e+04
2021 09 25  2300   59482   82800    0        1.8      456.5     6.68e+04
2021 09 26  0000   59483       0    0        2.4      453.1     7.95e+04
2021 09 26  0100   59483    3600    0        2.1      449.9     6.49e+04
2021 09 26  0200   59483    7200    0        2.2      443.1     5.45e+04
2021 09 26  0300   59483   10800    0        1.6      436.4     8.41e+04
2021 09 26  0400   59483   14400    0        1.6      435.9     8.71e+04
2021 09 26  0500   59483   18000    0        1.6      433.9     7.31e+04
2021 09 26  0600   59483   21600    0        2.1      430.8     5.01e+04
2021 09 26  0700   59483   25200    0        1.8      427.0     7.09e+04
2021 09 26  0800   59483   28800    0        1.3      420.2     5.44e+04
2021 09 26  0900   59483   32400    0        1.4      421.0     4.59e+04
2021 09 26  1000   59483   36000    0        1.8      421.3     4.13e+04
2021 09 26  1100   59483   39600    0        2.2      420.2     4.18e+04
2021 09 26  1200   59483   43200    0        1.8      404.0     4.73e+04
2021 09 26  1300   59483   46800    0        1.0      409.8     3.11e+04
2021 09 26  1400   59483   50400    0        1.2      407.0     3.16e+04
2021 09 26  1500   59483   54000    0        1.4      394.6     3.52e+04
2021 09 26  1600   59483   57600    0        1.8      387.7     2.76e+04
2021 09 26  1700   59483   61200    0        2.1      383.7     2.51e+04
2021 09 26  1800   59483   64800    0        2.4      382.7     1.92e+04
2021 09 26  1900   59483   68400    0        2.3      382.6     2.41e+04
2021 09 26  2000   59483   72000    0        3.0      383.4     2.63e+04
2021 09 26  2100   59483   75600    0        3.9      382.4     2.12e+04
2021 09 26  2200   59483   79200    0        3.3      380.8     3.04e+04
2021 09 26  2300   59483   82800    0        3.5      384.6     3.03e+04
2021 09 27  0000   59484       0    0        4.7      388.7     1.85e+04
2021 09 27  0100   59484    3600    0        7.1      387.0     1.69e+04
2021 09 27  0200   59484    7200    0       10.1      387.4     1.42e+04
2021 09 27  0300   59484   10800    0        9.0      390.8     1.18e+04
2021 09 27  0400   59484   14400    0        8.9      394.1     1.21e+04
2021 09 27  0500   59484   18000    0       10.6      397.2     1.25e+04
2021 09 27  0600   59484   21600    0       11.7      390.5     1.57e+04
2021 09 27  0700   59484   25200    0       12.7      383.1     1.33e+04
2021 09 27  0800   59484   28800    0        9.4      382.7     1.49e+04
2021 09 27  0900   59484   32400    0       12.3      381.4     1.08e+04
2021 09 27  1000   59484   36000    0       11.2      377.3     1.09e+04
2021 09 27  1100   59484   39600    0       10.7      372.4     1.29e+04
2021 09 27  1200   59484   43200    0        9.3      371.8     1.20e+04
2021 09 27  1300   59484   46800    0        8.4      373.2     1.22e+04
2021 09 27  1400   59484   50400    0       11.0      369.7     1.24e+04
2021 09 27  1500   59484   54000    0       12.6      375.1     1.65e+04
2021 09 27  1600   59484   57600    0       12.5      385.9     2.32e+04
2021 09 27  1700   59484   61200    0       13.2      382.4     2.41e+04
2021 09 27  1800   59484   64800    0       16.7      386.8     2.92e+04
2021 09 27  1900   59484   68400    0       21.6      384.8     3.10e+04
2021 09 27  2000   59484   72000    0       13.9      381.1     4.49e+04
2021 09 27  2100   59484   75600    0        7.0      414.1     8.99e+04
2021 09 27  2200   59484   79200    0        6.0      427.8     9.39e+04
2021 09 27  2300   59484   82800    0        4.8      443.5     1.38e+05
2021 09 28  0000   59485       0    0        5.5      445.3     1.16e+05
2021 09 28  0100   59485    3600    1        4.0      454.1     1.30e+05
2021 09 28  0200   59485    7200    0        4.0      465.0     1.62e+05
2021 09 28  0300   59485   10800    0        5.1      469.0     1.69e+05
2021 09 28  0400   59485   14400    0        5.2      469.7     1.91e+05
2021 09 28  0500   59485   18000    0        4.3      475.8     1.81e+05
2021 09 28  0600   59485   21600    0        3.3      486.8     1.53e+05
2021 09 28  0700   59485   25200    0        2.5      506.9     1.32e+05
2021 09 28  0800   59485   28800    0        2.1      515.5     1.32e+05
2021 09 28  0900   59485   32400    0        1.8      516.1     1.24e+05
2021 09 28  1000   59485   36000    0        1.6      510.3     1.39e+05
2021 09 28  1100   59485   39600    0        1.8      515.9     1.56e+05
2021 09 28  1200   59485   43200    1        1.5      521.9     1.59e+05
2021 09 28  1300   59485   46800    0        1.3      494.6     1.29e+05
2021 09 28  1400   59485   50400    1        1.7      487.9     1.21e+05
2021 09 28  1500   59485   54000    0        2.0      508.7     1.40e+05
2021 09 28  1600   59485   57600    0        1.6      511.1     1.34e+05
2021 09 28  1700   59485   61200    0        1.7      516.1     1.16e+05
2021 09 28  1800   59485   64800    0        1.7      515.2     1.26e+05
2021 09 28  1900   59485   68400    0        2.0      504.2     1.14e+05
2021 09 28  2000   59485   72000    0        1.8      500.4     1.08e+05
2021 09 28  2100   59485   75600    0        1.8      490.6     1.17e+05
2021 09 28  2200   59485   79200    0        1.8      482.7     1.09e+05
2021 09 28  2300   59485   82800    0        2.0      475.4     1.03e+05
2021 09 29  0000   59486       0    0        2.3      470.6     8.58e+04
2021 09 29  0100   59486    3600    0        2.0      471.3     6.34e+04
2021 09 29  0200   59486    7200    0        2.5      463.9     5.45e+04
2021 09 29  0300   59486   10800    9    -9999.9    -9999.9    -1.00e+05
2021 09 29  0400   59486   14400    9    -9999.9    -9999.9    -1.00e+05
2021 09 29  0500   59486   18000    9    -9999.9    -9999.9    -1.00e+05
2021 09 29  0600   59486   21600    9    -9999.9    -9999.9    -1.00e+05
2021 09 29  0700   59486   25200    9    -9999.9    -9999.9    -1.00e+05
2021 09 29  0800   59486   28800    9    -9999.9    -9999.9    -1.00e+05
2021 09 29  0900   59486   32400    0        4.4      442.0     2.29e+04
2021 09 29  1000   59486   36000    0        2.9      437.7     5.51e+04
2021 09 29  1100   59486   39600    0        2.8      436.0     4.36e+04
2021 09 29  1200   59486   43200    0        2.0      420.0     8.53e+04
2021 09 29  1300   59486   46800    0        1.8      418.9     9.36e+04
2021 09 29  1400   59486   50400    0        2.2      415.0     8.83e+04
2021 09 29  1500   59486   54000    0        3.8      414.4     6.21e+04
2021 09 29  1600   59486   57600    0        6.3      412.5     3.51e+04
2021 09 29  1700   59486   61200    0        5.9      401.1     2.22e+04
2021 09 29  1800   59486   64800    0        5.3      399.0     2.29e+04
2021 09 29  1900   59486   68400    0        6.2      397.4     1.88e+04
2021 09 29  2000   59486   72000    0        6.9      393.6     1.77e+04
2021 09 29  2100   59486   75600    0        7.7      400.0     1.79e+04
2021 09 29  2200   59486   79200    0       10.0      388.3     1.75e+04
2021 09 29  2300   59486   82800    0       10.3      387.6     1.86e+04
2021 09 30  0000   59487       0    0        7.2      387.5     1.99e+04
2021 09 30  0100   59487    3600    0        4.7      390.7     2.32e+04
2021 09 30  0200   59487    7200    0        3.4      396.7     3.20e+04
2021 09 30  0300   59487   10800    0        7.4      389.7     2.89e+04
2021 09 30  0400   59487   14400    0        4.7      386.6     2.25e+04
2021 09 30  0500   59487   18000    0        4.4      386.1     2.15e+04
2021 09 30  0600   59487   21600    0        4.9      388.1     2.20e+04
2021 09 30  0700   59487   25200    0        5.4      386.5     2.22e+04
2021 09 30  0800   59487   28800    0        6.5      383.4     1.81e+04
2021 09 30  0900   59487   32400    0        4.6      389.6     2.41e+04
2021 09 30  1000   59487   36000    0        3.5      391.4     4.11e+04
2021 09 30  1100   59487   39600    0        2.7      389.6     4.12e+04
2021 09 30  1200   59487   43200    0        3.0      383.1     4.16e+04
2021 09 30  1300   59487   46800    0        2.6      382.1     4.55e+04
2021 09 30  1400   59487   50400    0        9.3      391.5     5.93e+04
2021 09 30  1500   59487   54000    0       11.3      424.2     6.61e+04
2021 09 30  1600   59487   57600    0       12.1      430.0     5.29e+04
2021 09 30  1700   59487   61200    0       26.9      424.7     4.35e+04
2021 09 30  1800   59487   64800    0       12.3      438.6     6.90e+04
2021 09 30  1900   59487   68400    0        8.2      450.8     1.17e+05
2021 09 30  2000   59487   72000    0        5.4      454.8     1.67e+05
2021 09 30  2100   59487   75600    0        2.5      502.0     2.73e+05
2021 09 30  2200   59487   79200    0        0.8      503.0     2.96e+05
2021 09 30  2300   59487   82800    0        0.4      547.4     2.04e+05
