:Product: 202111_ace_swepam_1h.txt
:Issued: 2021 Dec 01 0510 UT
# Prepared by the U.S. Dept. of Commerce, NOAA, Space Weather Prediction Center
# Please send comments and suggestions to SWPC.Webmaster@noaa.gov 
# 
# Units: Proton density p/cc
# Units: Bulk speed km/s
# Units: Ion tempeture degrees K
# Status(S): 0 = nominal data, 1 to 8 = bad data record, 9 = no data
# Missing data values: Density and Speed = -9999.9, Temp. = -1.00e+05
# Source: ACE Satellite - Solar Wind Electron Proton Alpha Monitor
#
#   Hourly Averaged Real-time Bulk Parameters of the Solar Wind Plasma
# 
#                Modified Seconds   -------------  Solar Wind  -----------
# UT Date   Time  Julian  of the          Proton      Bulk         Ion
# YR MO DA  HHMM    Day     Day     S    Density     Speed     Temperature
#-------------------------------------------------------------------------
2021 11 01  0000   59519       0    0       11.0      418.0     8.35e+04
2021 11 01  0100   59519    3600    0        6.6      404.8     7.81e+04
2021 11 01  0200   59519    7200    0        9.1      414.6     1.09e+05
2021 11 01  0300   59519   10800    0        5.5      393.7     1.00e+05
2021 11 01  0400   59519   14400    0        5.9      393.2     1.04e+05
2021 11 01  0500   59519   18000    6        6.8      383.9     7.49e+04
2021 11 01  0600   59519   21600    0        6.5      375.0     6.19e+04
2021 11 01  0700   59519   25200    3    -9999.9    -9999.9    -1.00e+05
2021 11 01  0800   59519   28800    0       11.9      357.9     3.17e+04
2021 11 01  0900   59519   32400    0        6.7      352.6     2.67e+04
2021 11 01  1000   59519   36000    0        6.6      347.0     2.33e+04
2021 11 01  1100   59519   39600    0        8.2      343.8     2.67e+04
2021 11 01  1200   59519   43200    0       12.6      344.5     3.38e+04
2021 11 01  1300   59519   46800    0       12.6      353.1     3.45e+04
2021 11 01  1400   59519   50400    1       21.1      351.9     2.57e+04
2021 11 01  1500   59519   54000    6       14.5      350.0     3.84e+04
2021 11 01  1600   59519   57600    0       14.4      344.3     4.34e+04
2021 11 01  1700   59519   61200    0       22.7      357.2     3.99e+04
2021 11 01  1800   59519   64800    0       13.4      364.1     4.86e+04
2021 11 01  1900   59519   68400    0       10.4      370.8     5.44e+04
2021 11 01  2000   59519   72000    0       14.0      379.6     8.67e+04
2021 11 01  2100   59519   75600    0        5.9      393.9     1.37e+05
2021 11 01  2200   59519   79200    0        3.7      423.5     2.24e+05
2021 11 01  2300   59519   82800    0        3.0      437.8     2.69e+05
2021 11 02  0000   59520       0    9    -9999.9    -9999.9    -1.00e+05
2021 11 02  0100   59520    3600    9    -9999.9    -9999.9    -1.00e+05
2021 11 02  0200   59520    7200    9    -9999.9    -9999.9    -1.00e+05
2021 11 02  0300   59520   10800    0        2.2      580.3     2.85e+05
2021 11 02  0400   59520   14400    0        1.5      563.9     1.47e+05
2021 11 02  0500   59520   18000    0        0.8      570.6     2.19e+05
2021 11 02  0600   59520   21600    0        1.0      577.9     1.95e+05
2021 11 02  0700   59520   25200    0        1.5      596.1     1.51e+05
2021 11 02  0800   59520   28800    0        2.2      581.0     2.51e+05
2021 11 02  0900   59520   32400    0        1.1      582.4     2.56e+05
2021 11 02  1000   59520   36000    0        1.4      605.3     2.78e+05
2021 11 02  1100   59520   39600    0        2.2      623.7     2.49e+05
2021 11 02  1200   59520   43200    0        1.4      623.8     2.53e+05
2021 11 02  1300   59520   46800    0        1.5      621.6     2.22e+05
2021 11 02  1400   59520   50400    0        1.2      623.3     2.32e+05
2021 11 02  1500   59520   54000    0        1.6      626.7     2.40e+05
2021 11 02  1600   59520   57600    0        0.7      620.0     2.66e+05
2021 11 02  1700   59520   61200    0        1.0      602.5     2.32e+05
2021 11 02  1800   59520   64800    0        0.8      597.5     1.98e+05
2021 11 02  1900   59520   68400    0        1.2      594.0     2.06e+05
2021 11 02  2000   59520   72000    1        1.1      597.0     2.12e+05
2021 11 02  2100   59520   75600    0        1.3      596.2     2.11e+05
2021 11 02  2200   59520   79200    0        1.5      591.0     1.78e+05
2021 11 02  2300   59520   82800    3    -9999.9    -9999.9    -1.00e+05
2021 11 03  0000   59521       0    1       29.1      582.2     7.97e+05
2021 11 03  0100   59521    3600    0       30.4      605.2     7.59e+05
2021 11 03  0200   59521    7200    1       20.0      593.7     3.37e+05
2021 11 03  0300   59521   10800    1        0.6      542.3     1.51e+05
2021 11 03  0400   59521   14400    1        0.7      541.0     1.66e+05
2021 11 03  0500   59521   18000    1        0.6      551.9     1.80e+05
2021 11 03  0600   59521   21600    1        0.6      558.0     2.19e+05
2021 11 03  0700   59521   25200    1        0.5      533.1     1.59e+05
2021 11 03  0800   59521   28800    0        0.6      535.1     1.11e+05
2021 11 03  0900   59521   32400    0        0.2      508.8     9.58e+04
2021 11 03  1000   59521   36000    0        0.3      510.9     1.37e+05
2021 11 03  1100   59521   39600    1        0.3      509.4     1.33e+05
2021 11 03  1200   59521   43200    0        0.3      535.6     1.29e+05
2021 11 03  1300   59521   46800    0        0.3      502.6     1.75e+05
2021 11 03  1400   59521   50400    0        0.2      490.9     1.58e+05
2021 11 03  1500   59521   54000    3    -9999.9    -9999.9    -1.00e+05
2021 11 03  1600   59521   57600    9    -9999.9    -9999.9    -1.00e+05
2021 11 03  1700   59521   61200    9    -9999.9    -9999.9    -1.00e+05
2021 11 03  1800   59521   64800    0        0.6      480.4     8.38e+04
2021 11 03  1900   59521   68400    0        1.0      566.1     4.14e+05
2021 11 03  2000   59521   72000    0        0.9      725.6     7.65e+05
2021 11 03  2100   59521   75600    0        0.9      702.0     9.53e+05
2021 11 03  2200   59521   79200    0        1.0      730.1     1.06e+06
2021 11 03  2300   59521   82800    0        1.3      735.0     9.50e+05
2021 11 04  0000   59522       0    0        4.5      756.4     7.17e+05
2021 11 04  0100   59522    3600    1        3.9      718.1     4.55e+05
2021 11 04  0200   59522    7200    1        2.7      717.8     5.54e+05
2021 11 04  0300   59522   10800    0        1.8      685.0     5.11e+05
2021 11 04  0400   59522   14400    1        2.7      702.1     6.38e+05
2021 11 04  0500   59522   18000    0        5.6      740.2     4.35e+05
2021 11 04  0600   59522   21600    0        6.1      715.6     3.03e+05
2021 11 04  0700   59522   25200    0        6.8      700.3     7.43e+04
2021 11 04  0800   59522   28800    0        7.1      705.5     1.19e+05
2021 11 04  0900   59522   32400    1        5.0      701.0     6.99e+04
2021 11 04  1000   59522   36000    3    -9999.9    -9999.9    -1.00e+05
2021 11 04  1100   59522   39600    0        3.0      753.1     1.23e+05
2021 11 04  1200   59522   43200    0        2.4      676.1     6.00e+04
2021 11 04  1300   59522   46800    0        3.0      657.3     5.18e+04
2021 11 04  1400   59522   50400    0        0.8      643.8     4.48e+04
2021 11 04  1500   59522   54000    3    -9999.9    -9999.9    -1.00e+05
2021 11 04  1600   59522   57600    9    -9999.9    -9999.9    -1.00e+05
2021 11 04  1700   59522   61200    0        1.5      611.4     3.80e+04
2021 11 04  1800   59522   64800    0        0.5      610.2     5.26e+04
2021 11 04  1900   59522   68400    0        0.1      611.9     4.20e+04
2021 11 04  2000   59522   72000    0        0.1      609.6     4.79e+04
2021 11 04  2100   59522   75600    3    -9999.9    -9999.9    -1.00e+05
2021 11 04  2200   59522   79200    0        0.1      631.8     7.96e+04
2021 11 04  2300   59522   82800    0        0.1      613.4     5.78e+04
2021 11 05  0000   59523       0    0        0.1      612.1     1.09e+05
2021 11 05  0100   59523    3600    0        0.3      603.3     7.11e+04
2021 11 05  0200   59523    7200    0        0.3      600.9     1.12e+05
2021 11 05  0300   59523   10800    0        0.3      581.2     1.01e+05
2021 11 05  0400   59523   14400    0        7.0      584.3     1.44e+05
2021 11 05  0500   59523   18000    0        7.7      584.8     1.34e+05
2021 11 05  0600   59523   21600    0        7.4      574.1     7.83e+04
2021 11 05  0700   59523   25200    0        3.7      586.6     1.08e+05
2021 11 05  0800   59523   28800    0        2.2      603.3     1.13e+05
2021 11 05  0900   59523   32400    0        2.4      593.4     1.01e+05
2021 11 05  1000   59523   36000    0        2.5      576.8     7.46e+04
2021 11 05  1100   59523   39600    0        1.6      594.9     1.02e+05
2021 11 05  1200   59523   43200    0        3.5      607.6     7.72e+04
2021 11 05  1300   59523   46800    0        3.3      576.4     4.75e+04
2021 11 05  1400   59523   50400    0        1.1      564.5     8.10e+04
2021 11 05  1500   59523   54000    0        0.5      558.1     8.48e+04
2021 11 05  1600   59523   57600    0        0.5      534.7     7.52e+04
2021 11 05  1700   59523   61200    0        0.3      532.5     1.27e+05
2021 11 05  1800   59523   64800    1        0.1      539.0     9.79e+04
2021 11 05  1900   59523   68400    0        0.1      531.4     7.92e+04
2021 11 05  2000   59523   72000    0        0.1      523.9     7.78e+04
2021 11 05  2100   59523   75600    0        0.1      518.9     6.95e+04
2021 11 05  2200   59523   79200    0        0.1      517.1     5.23e+04
2021 11 05  2300   59523   82800    0        0.7      524.3     7.46e+04
2021 11 06  0000   59524       0    0        1.1      564.2     7.65e+04
2021 11 06  0100   59524    3600    0        2.5      613.3     1.13e+05
2021 11 06  0200   59524    7200    9    -9999.9    -9999.9    -1.00e+05
2021 11 06  0300   59524   10800    9    -9999.9    -9999.9    -1.00e+05
2021 11 06  0400   59524   14400    9    -9999.9    -9999.9    -1.00e+05
2021 11 06  0500   59524   18000    0        0.6      593.6     6.56e+04
2021 11 06  0600   59524   21600    0        0.5      588.8     5.45e+04
2021 11 06  0700   59524   25200    0        1.4      582.2     7.88e+04
2021 11 06  0800   59524   28800    0        3.6      578.9     6.46e+04
2021 11 06  0900   59524   32400    0        1.5      564.9     7.58e+04
2021 11 06  1000   59524   36000    0        1.4      569.5     5.87e+04
2021 11 06  1100   59524   39600    0        0.7      544.9     7.84e+04
2021 11 06  1200   59524   43200    0        0.3      544.3     1.12e+05
2021 11 06  1300   59524   46800    0        0.2      570.7     2.07e+05
2021 11 06  1400   59524   50400    0        0.5      573.9     1.34e+05
2021 11 06  1500   59524   54000    1        0.6      514.2     1.21e+05
2021 11 06  1600   59524   57600    0        0.1      565.6     2.59e+05
2021 11 06  1700   59524   61200    0        0.1      537.0     1.68e+05
2021 11 06  1800   59524   64800    0        0.1      559.4     8.05e+04
2021 11 06  1900   59524   68400    0        0.5      563.1     9.29e+04
2021 11 06  2000   59524   72000    0        0.5      572.4     1.01e+05
2021 11 06  2100   59524   75600    0        1.0      570.4     8.20e+04
2021 11 06  2200   59524   79200    0        1.1      543.0     4.87e+04
2021 11 06  2300   59524   82800    0        1.0      533.8     5.49e+04
2021 11 07  0000   59525       0    0        1.2      512.3     2.89e+04
2021 11 07  0100   59525    3600    0        0.8      528.2     6.07e+04
2021 11 07  0200   59525    7200    0        0.7      529.6     6.29e+04
2021 11 07  0300   59525   10800    0        0.7      512.4     6.88e+04
2021 11 07  0400   59525   14400    0        0.4      498.1     3.93e+04
2021 11 07  0500   59525   18000    0        0.8      527.2     9.76e+04
2021 11 07  0600   59525   21600    0        0.7      501.3     1.02e+05
2021 11 07  0700   59525   25200    0        0.9      479.5     1.08e+05
2021 11 07  0800   59525   28800    1        0.4      476.1     7.15e+04
2021 11 07  0900   59525   32400    0        0.8      462.4     6.60e+04
2021 11 07  1000   59525   36000    0        0.2      463.2     8.47e+04
2021 11 07  1100   59525   39600    0        0.9      452.8     5.79e+04
2021 11 07  1200   59525   43200    1        0.6      452.8     4.26e+04
2021 11 07  1300   59525   46800    1        0.4      449.6     5.46e+04
2021 11 07  1400   59525   50400    1        0.3      446.4     7.25e+04
2021 11 07  1500   59525   54000    0        0.5      439.6     4.31e+04
2021 11 07  1600   59525   57600    0        0.4      436.7     4.53e+04
2021 11 07  1700   59525   61200    0        1.0      441.7     5.75e+04
2021 11 07  1800   59525   64800    0        1.5      458.4     4.73e+04
2021 11 07  1900   59525   68400    3    -9999.9    -9999.9    -1.00e+05
2021 11 07  2000   59525   72000    0        1.4      443.8     3.85e+04
2021 11 07  2100   59525   75600    0        1.1      437.0     3.43e+04
2021 11 07  2200   59525   79200    0        0.8      432.2     3.29e+04
2021 11 07  2300   59525   82800    9    -9999.9    -9999.9    -1.00e+05
2021 11 08  0000   59526       0    0        1.0      424.9     3.29e+04
2021 11 08  0100   59526    3600    0        0.9      426.2     2.84e+04
2021 11 08  0200   59526    7200    0        0.7      423.0     3.40e+04
2021 11 08  0300   59526   10800    1        6.4      443.8     5.65e+04
2021 11 08  0400   59526   14400    1        1.3      413.7     2.54e+04
2021 11 08  0500   59526   18000    0        1.4      423.5     3.26e+04
2021 11 08  0600   59526   21600    0        0.9      410.7     2.66e+04
2021 11 08  0700   59526   25200    0        1.1      400.8     3.22e+04
2021 11 08  0800   59526   28800    0        1.0      390.3     3.23e+04
2021 11 08  0900   59526   32400    0        1.2      378.5     3.40e+04
2021 11 08  1000   59526   36000    0        1.2      391.7     4.68e+04
2021 11 08  1100   59526   39600    0        1.7      398.0     4.67e+04
2021 11 08  1200   59526   43200    0        0.9      386.6     5.43e+04
2021 11 08  1300   59526   46800    0        2.7      390.7     3.20e+04
2021 11 08  1400   59526   50400    0        1.8      376.6     2.94e+04
2021 11 08  1500   59526   54000    0        1.3      375.8     4.10e+04
2021 11 08  1600   59526   57600    0        1.6      389.1     3.68e+04
2021 11 08  1700   59526   61200    0        1.1      401.9     4.72e+04
2021 11 08  1800   59526   64800    0        1.1      398.3     4.58e+04
2021 11 08  1900   59526   68400    0        1.6      394.6     5.17e+04
2021 11 08  2000   59526   72000    0        5.1      395.8     3.94e+04
2021 11 08  2100   59526   75600    0        4.1      395.7     3.30e+04
2021 11 08  2200   59526   79200    0        5.3      394.9     3.90e+04
2021 11 08  2300   59526   82800    0        3.4      374.1     2.20e+04
2021 11 09  0000   59527       0    0        2.1      387.1     3.23e+04
2021 11 09  0100   59527    3600    0        0.6      382.5     3.74e+04
2021 11 09  0200   59527    7200    0        1.4      369.9     3.52e+04
2021 11 09  0300   59527   10800    0        1.7      373.3     3.54e+04
2021 11 09  0400   59527   14400    0        1.8      375.7     3.89e+04
2021 11 09  0500   59527   18000    0        2.8      370.6     3.08e+04
2021 11 09  0600   59527   21600    0        2.4      368.8     3.46e+04
2021 11 09  0700   59527   25200    0        2.2      366.8     3.71e+04
2021 11 09  0800   59527   28800    0        3.0      363.9     3.78e+04
2021 11 09  0900   59527   32400    0        3.9      357.2     3.74e+04
2021 11 09  1000   59527   36000    0        1.8      353.3     5.86e+04
2021 11 09  1100   59527   39600    0        1.4      356.9     8.26e+04
2021 11 09  1200   59527   43200    0        1.0      355.7     9.26e+04
2021 11 09  1300   59527   46800    0        1.2      351.6     7.63e+04
2021 11 09  1400   59527   50400    0        1.3      349.3     8.62e+04
2021 11 09  1500   59527   54000    0        1.4      355.8     7.95e+04
2021 11 09  1600   59527   57600    0        2.1      355.8     5.01e+04
2021 11 09  1700   59527   61200    0        9.5      362.2     3.48e+04
2021 11 09  1800   59527   64800    1        8.8      370.3     3.04e+04
2021 11 09  1900   59527   68400    0        5.8      386.7     1.12e+05
2021 11 09  2000   59527   72000    0        9.2      371.5     6.35e+04
2021 11 09  2100   59527   75600    0        7.7      374.3     6.05e+04
2021 11 09  2200   59527   79200    9    -9999.9    -9999.9    -1.00e+05
2021 11 09  2300   59527   82800    0        5.3      383.3     6.09e+04
2021 11 10  0000   59528       0    0        3.7      395.6     8.28e+04
2021 11 10  0100   59528    3600    0        2.7      398.3     1.01e+05
2021 11 10  0200   59528    7200    0        2.4      410.4     1.23e+05
2021 11 10  0300   59528   10800    0        3.0      413.7     1.40e+05
2021 11 10  0400   59528   14400    0        2.9      423.6     1.57e+05
2021 11 10  0500   59528   18000    0        2.9      420.2     1.39e+05
2021 11 10  0600   59528   21600    0        3.7      418.8     1.24e+05
2021 11 10  0700   59528   25200    0        2.5      432.2     1.32e+05
2021 11 10  0800   59528   28800    0        2.6      428.2     1.25e+05
2021 11 10  0900   59528   32400    0        2.7      436.8     1.33e+05
2021 11 10  1000   59528   36000    0        6.3      439.7     1.12e+05
2021 11 10  1100   59528   39600    0        3.5      442.4     9.33e+04
2021 11 10  1200   59528   43200    0        2.4      434.3     1.06e+05
2021 11 10  1300   59528   46800    0        2.5      431.6     9.72e+04
2021 11 10  1400   59528   50400    0        2.7      431.2     1.15e+05
2021 11 10  1500   59528   54000    0        1.9      430.8     1.12e+05
2021 11 10  1600   59528   57600    0        1.7      428.9     1.14e+05
2021 11 10  1700   59528   61200    0        2.0      416.2     1.30e+05
2021 11 10  1800   59528   64800    0        1.5      413.9     1.18e+05
2021 11 10  1900   59528   68400    0        1.4      419.3     1.46e+05
2021 11 10  2000   59528   72000    9    -9999.9    -9999.9    -1.00e+05
2021 11 10  2100   59528   75600    9    -9999.9    -9999.9    -1.00e+05
2021 11 10  2200   59528   79200    9    -9999.9    -9999.9    -1.00e+05
2021 11 10  2300   59528   82800    9    -9999.9    -9999.9    -1.00e+05
2021 11 11  0000   59529       0    0        1.4      402.6     1.07e+05
2021 11 11  0100   59529    3600    0        2.0      412.7     1.06e+05
2021 11 11  0200   59529    7200    0        1.7      402.3     9.63e+04
2021 11 11  0300   59529   10800    0        1.6      400.8     1.01e+05
2021 11 11  0400   59529   14400    0        1.6      397.8     9.42e+04
2021 11 11  0500   59529   18000    0        1.6      392.8     8.79e+04
2021 11 11  0600   59529   21600    0        1.5      388.0     7.52e+04
2021 11 11  0700   59529   25200    0        1.2      381.1     5.61e+04
2021 11 11  0800   59529   28800    0        0.5      374.9     6.35e+04
2021 11 11  0900   59529   32400    3    -9999.9    -9999.9    -1.00e+05
2021 11 11  1000   59529   36000    0        1.1      372.3     4.31e+04
2021 11 11  1100   59529   39600    0        1.5      376.6     4.60e+04
2021 11 11  1200   59529   43200    0        1.6      374.9     5.25e+04
2021 11 11  1300   59529   46800    0        1.5      380.7     6.68e+04
2021 11 11  1400   59529   50400    3    -9999.9    -9999.9    -1.00e+05
2021 11 11  1500   59529   54000    1        1.5      371.2     4.13e+04
2021 11 11  1600   59529   57600    0        3.5      357.4     5.09e+04
2021 11 11  1700   59529   61200    1        2.3      360.4     3.69e+04
2021 11 11  1800   59529   64800    1       10.8      363.9     4.02e+04
2021 11 11  1900   59529   68400    0        3.9      362.1     4.42e+04
2021 11 11  2000   59529   72000    9    -9999.9    -9999.9    -1.00e+05
2021 11 11  2100   59529   75600    9    -9999.9    -9999.9    -1.00e+05
2021 11 11  2200   59529   79200    9    -9999.9    -9999.9    -1.00e+05
2021 11 11  2300   59529   82800    0        2.3      397.2     6.54e+04
2021 11 12  0000   59530       0    0        0.9      401.4     7.53e+04
2021 11 12  0100   59530    3600    0        1.8      391.6     4.32e+04
2021 11 12  0200   59530    7200    0        1.9      385.8     3.41e+04
2021 11 12  0300   59530   10800    1        1.8      393.7     8.20e+04
2021 11 12  0400   59530   14400    0        2.1      387.8     6.70e+04
2021 11 12  0500   59530   18000    0        3.2      388.8     5.32e+04
2021 11 12  0600   59530   21600    0        3.7      384.2     5.66e+04
2021 11 12  0700   59530   25200    0        3.6      393.0     7.16e+04
2021 11 12  0800   59530   28800    0        5.8      379.5     5.74e+04
2021 11 12  0900   59530   32400    1        4.0      377.8     6.40e+04
2021 11 12  1000   59530   36000    0        3.0      378.1     9.29e+04
2021 11 12  1100   59530   39600    0        4.7      370.9     5.24e+04
2021 11 12  1200   59530   43200    3    -9999.9    -9999.9    -1.00e+05
2021 11 12  1300   59530   46800    0        2.0      367.8     6.26e+04
2021 11 12  1400   59530   50400    0        2.2      365.7     5.08e+04
2021 11 12  1500   59530   54000    0        2.4      363.7     6.24e+04
2021 11 12  1600   59530   57600    0        2.5      358.7     5.78e+04
2021 11 12  1700   59530   61200    0        2.0      359.0     7.24e+04
2021 11 12  1800   59530   64800    0        2.6      355.8     5.48e+04
2021 11 12  1900   59530   68400    0        2.6      356.2     5.67e+04
2021 11 12  2000   59530   72000    0        2.5      357.5     5.45e+04
2021 11 12  2100   59530   75600    0        2.0      356.2     5.94e+04
2021 11 12  2200   59530   79200    0        1.5      352.5     7.11e+04
2021 11 12  2300   59530   82800    1        1.2      351.3     8.81e+04
2021 11 13  0000   59531       0    0        0.9      347.1     7.86e+04
2021 11 13  0100   59531    3600    1        0.7      346.7     8.24e+04
2021 11 13  0200   59531    7200    1        1.4      348.7     5.10e+04
2021 11 13  0300   59531   10800    0        2.7      367.0     3.48e+04
2021 11 13  0400   59531   14400    0        2.6      369.5     3.29e+04
2021 11 13  0500   59531   18000    0        1.4      356.2     4.47e+04
2021 11 13  0600   59531   21600    0        1.4      347.9     5.51e+04
2021 11 13  0700   59531   25200    0        3.1      358.4     3.16e+04
2021 11 13  0800   59531   28800    0        3.0      354.7     3.31e+04
2021 11 13  0900   59531   32400    0        3.9      354.2     3.08e+04
2021 11 13  1000   59531   36000    0        3.3      352.5     3.26e+04
2021 11 13  1100   59531   39600    0        5.2      343.5     3.78e+04
2021 11 13  1200   59531   43200    0        2.7      339.1     3.24e+04
2021 11 13  1300   59531   46800    0        3.4      345.9     2.93e+04
2021 11 13  1400   59531   50400    0        2.3      353.7     3.79e+04
2021 11 13  1500   59531   54000    0        1.5      335.8     4.65e+04
2021 11 13  1600   59531   57600    0        3.2      349.6     3.67e+04
2021 11 13  1700   59531   61200    0        3.0      347.9     2.79e+04
2021 11 13  1800   59531   64800    0        2.4      349.2     3.04e+04
2021 11 13  1900   59531   68400    0        3.4      352.4     3.05e+04
2021 11 13  2000   59531   72000    0        4.6      345.1     2.86e+04
2021 11 13  2100   59531   75600    0        3.4      313.5     3.40e+04
2021 11 13  2200   59531   79200    0        2.2      313.8     4.13e+04
2021 11 13  2300   59531   82800    0        2.9      325.9     3.99e+04
2021 11 14  0000   59532       0    0        4.5      337.0     3.92e+04
2021 11 14  0100   59532    3600    0        5.5      339.5     3.64e+04
2021 11 14  0200   59532    7200    0        2.9      329.1     4.08e+04
2021 11 14  0300   59532   10800    0        4.4      328.4     3.44e+04
2021 11 14  0400   59532   14400    0        4.9      327.9     3.27e+04
2021 11 14  0500   59532   18000    0        4.7      318.1     2.83e+04
2021 11 14  0600   59532   21600    0        5.6      309.0     2.87e+04
2021 11 14  0700   59532   25200    0        4.1      310.6     1.59e+04
2021 11 14  0800   59532   28800    0        3.7      308.7     1.82e+04
2021 11 14  0900   59532   32400    1        3.9      309.5     1.73e+04
2021 11 14  1000   59532   36000    0        4.1      312.1     1.83e+04
2021 11 14  1100   59532   39600    0        3.4      303.5     1.63e+04
2021 11 14  1200   59532   43200    3    -9999.9    -9999.9    -1.00e+05
2021 11 14  1300   59532   46800    0        6.2      311.5     1.56e+04
2021 11 14  1400   59532   50400    0        5.6      308.5     1.65e+04
2021 11 14  1500   59532   54000    0        4.9      305.1     1.50e+04
2021 11 14  1600   59532   57600    0        4.9      300.6     1.67e+04
2021 11 14  1700   59532   61200    0        7.3      296.1     1.32e+04
2021 11 14  1800   59532   64800    0        9.5      293.8     1.25e+04
2021 11 14  1900   59532   68400    0        5.2      293.0     1.24e+04
2021 11 14  2000   59532   72000    0        4.7      292.2     1.19e+04
2021 11 14  2100   59532   75600    0        4.6      292.1     1.20e+04
2021 11 14  2200   59532   79200    0        5.2      292.2     1.12e+04
2021 11 14  2300   59532   82800    0        5.9      293.8     1.21e+04
2021 11 15  0000   59533       0    0        7.1      295.1     1.41e+04
2021 11 15  0100   59533    3600    0        7.6      302.9     1.83e+04
2021 11 15  0200   59533    7200    0        8.5      312.6     2.21e+04
2021 11 15  0300   59533   10800    0        8.5      312.2     1.96e+04
2021 11 15  0400   59533   14400    0        9.0      305.3     1.66e+04
2021 11 15  0500   59533   18000    0        7.5      307.0     1.94e+04
2021 11 15  0600   59533   21600    0        7.6      308.2     1.88e+04
2021 11 15  0700   59533   25200    0        4.4      315.1     2.26e+04
2021 11 15  0800   59533   28800    0        4.7      320.0     2.68e+04
2021 11 15  0900   59533   32400    1        8.3      322.4     3.68e+04
2021 11 15  1000   59533   36000    0        4.9      313.5     2.44e+04
2021 11 15  1100   59533   39600    0        6.1      314.7     2.38e+04
2021 11 15  1200   59533   43200    0        6.0      317.5     3.40e+04
2021 11 15  1300   59533   46800    0        7.2      326.4     3.65e+04
2021 11 15  1400   59533   50400    0        8.2      324.4     4.63e+04
2021 11 15  1500   59533   54000    0       10.8      349.3     4.96e+04
2021 11 15  1600   59533   57600    0       15.7      356.0     2.88e+04
2021 11 15  1700   59533   61200    1       27.1      372.9     5.61e+04
2021 11 15  1800   59533   64800    0       31.8      381.4     6.59e+04
2021 11 15  1900   59533   68400    0       24.3      390.8     9.42e+04
2021 11 15  2000   59533   72000    0       22.7      415.9     2.10e+05
2021 11 15  2100   59533   75600    0        8.9      401.1     2.05e+05
2021 11 15  2200   59533   79200    0        6.0      419.5     2.88e+05
2021 11 15  2300   59533   82800    0        3.6      500.8     4.01e+05
2021 11 16  0000   59534       0    0        3.2      533.2     3.58e+05
2021 11 16  0100   59534    3600    0        3.3      587.6     2.72e+05
2021 11 16  0200   59534    7200    0        3.3      612.4     2.56e+05
2021 11 16  0300   59534   10800    0        2.4      608.8     2.67e+05
2021 11 16  0400   59534   14400    0        3.3      592.7     2.45e+05
2021 11 16  0500   59534   18000    0        3.5      604.0     2.60e+05
2021 11 16  0600   59534   21600    1        3.4      584.6     2.81e+05
2021 11 16  0700   59534   25200    0        2.9      587.6     2.61e+05
2021 11 16  0800   59534   28800    0        2.7      591.4     2.90e+05
2021 11 16  0900   59534   32400    0        2.4      579.4     3.11e+05
2021 11 16  1000   59534   36000    0        2.6      599.1     2.46e+05
2021 11 16  1100   59534   39600    0        1.9      610.8     2.24e+05
2021 11 16  1200   59534   43200    0        2.1      587.9     1.76e+05
2021 11 16  1300   59534   46800    0        2.9      587.2     1.41e+05
2021 11 16  1400   59534   50400    0        2.0      605.5     1.79e+05
2021 11 16  1500   59534   54000    0        1.8      614.0     2.54e+05
2021 11 16  1600   59534   57600    0        3.6      609.3     2.03e+05
2021 11 16  1700   59534   61200    0        2.1      615.9     1.86e+05
2021 11 16  1800   59534   64800    0        2.1      625.9     2.18e+05
2021 11 16  1900   59534   68400    1        2.7      639.9     2.25e+05
2021 11 16  2000   59534   72000    0        1.9      577.6     1.91e+05
2021 11 16  2100   59534   75600    0        0.9      662.4     2.26e+05
2021 11 16  2200   59534   79200    9    -9999.9    -9999.9    -1.00e+05
2021 11 16  2300   59534   82800    9    -9999.9    -9999.9    -1.00e+05
2021 11 17  0000   59535       0    9    -9999.9    -9999.9    -1.00e+05
2021 11 17  0100   59535    3600    9    -9999.9    -9999.9    -1.00e+05
2021 11 17  0200   59535    7200    9    -9999.9    -9999.9    -1.00e+05
2021 11 17  0300   59535   10800    9    -9999.9    -9999.9    -1.00e+05
2021 11 17  0400   59535   14400    1        2.3      619.1     1.98e+05
2021 11 17  0500   59535   18000    0        2.5      610.3     2.21e+05
2021 11 17  0600   59535   21600    1        2.8      608.3     2.28e+05
2021 11 17  0700   59535   25200    0        3.0      610.5     2.31e+05
2021 11 17  0800   59535   28800    0        2.4      604.3     2.42e+05
2021 11 17  0900   59535   32400    0        2.7      627.3     2.74e+05
2021 11 17  1000   59535   36000    3    -9999.9    -9999.9    -1.00e+05
2021 11 17  1100   59535   39600    0        1.9      605.3     2.18e+05
2021 11 17  1200   59535   43200    0        2.1      610.8     1.63e+05
2021 11 17  1300   59535   46800    0        1.7      599.8     1.63e+05
2021 11 17  1400   59535   50400    0        2.1      603.5     1.56e+05
2021 11 17  1500   59535   54000    0        2.4      600.4     1.72e+05
2021 11 17  1600   59535   57600    0        1.8      596.2     1.67e+05
2021 11 17  1700   59535   61200    0        2.0      588.1     1.67e+05
2021 11 17  1800   59535   64800    0        2.1      585.7     1.51e+05
2021 11 17  1900   59535   68400    0        2.5      573.6     1.58e+05
2021 11 17  2000   59535   72000    0        2.5      572.7     1.29e+05
2021 11 17  2100   59535   75600    3    -9999.9    -9999.9    -1.00e+05
2021 11 17  2200   59535   79200    9    -9999.9    -9999.9    -1.00e+05
2021 11 17  2300   59535   82800    9    -9999.9    -9999.9    -1.00e+05
2021 11 18  0000   59536       0    0        1.1      528.6     1.87e+05
2021 11 18  0100   59536    3600    0        6.8      511.7     1.04e+05
2021 11 18  0200   59536    7200    0        2.2      511.5     1.18e+05
2021 11 18  0300   59536   10800    0        3.3      522.6     1.40e+05
2021 11 18  0400   59536   14400    0        1.9      552.2     1.12e+05
2021 11 18  0500   59536   18000    1        4.7      556.2     2.76e+05
2021 11 18  0600   59536   21600    0        2.0      532.9     1.34e+05
2021 11 18  0700   59536   25200    0        2.0      532.6     1.32e+05
2021 11 18  0800   59536   28800    0        2.0      524.9     1.35e+05
2021 11 18  0900   59536   32400    0        2.5      521.7     1.20e+05
2021 11 18  1000   59536   36000    0        1.8      517.8     1.09e+05
2021 11 18  1100   59536   39600    0        1.5      533.4     1.25e+05
2021 11 18  1200   59536   43200    0        1.6      533.3     1.25e+05
2021 11 18  1300   59536   46800    0        1.8      534.5     9.32e+04
2021 11 18  1400   59536   50400    0        1.6      527.7     1.05e+05
2021 11 18  1500   59536   54000    0        1.6      527.3     1.01e+05
2021 11 18  1600   59536   57600    0        1.5      526.2     1.02e+05
2021 11 18  1700   59536   61200    1        1.4      523.9     1.25e+05
2021 11 18  1800   59536   64800    3    -9999.9    -9999.9    -1.00e+05
2021 11 18  1900   59536   68400    1        1.5      492.8     1.24e+05
2021 11 18  2000   59536   72000    0        1.1      489.9     1.07e+05
2021 11 18  2100   59536   75600    0        1.3      479.4     9.23e+04
2021 11 18  2200   59536   79200    3    -9999.9    -9999.9    -1.00e+05
2021 11 18  2300   59536   82800    6    -9999.9    -9999.9    -1.00e+05
2021 11 19  0000   59537       0    9    -9999.9    -9999.9    -1.00e+05
2021 11 19  0100   59537    3600    9    -9999.9    -9999.9    -1.00e+05
2021 11 19  0200   59537    7200    0        1.2      494.8     1.11e+05
2021 11 19  0300   59537   10800    0        1.7      486.3     7.77e+04
2021 11 19  0400   59537   14400    6        2.5      468.3     8.22e+04
2021 11 19  0500   59537   18000    1        3.6      468.9     1.13e+05
2021 11 19  0600   59537   21600    1        2.9      461.4     6.23e+04
2021 11 19  0700   59537   25200    0        2.7      459.9     5.17e+04
2021 11 19  0800   59537   28800    0        2.5      456.2     5.53e+04
2021 11 19  0900   59537   32400    0        2.5      452.1     6.12e+04
2021 11 19  1000   59537   36000    0        2.0      457.8     6.21e+04
2021 11 19  1100   59537   39600    0        2.5      453.1     5.82e+04
2021 11 19  1200   59537   43200    0        2.8      446.4     6.13e+04
2021 11 19  1300   59537   46800    0        2.8      456.4     4.22e+04
2021 11 19  1400   59537   50400    0        3.1      438.9     4.60e+04
2021 11 19  1500   59537   54000    0        4.8      438.8     4.72e+04
2021 11 19  1600   59537   57600    0        2.6      437.2     6.37e+04
2021 11 19  1700   59537   61200    0        3.1      430.9     6.48e+04
2021 11 19  1800   59537   64800    0        5.0      425.8     6.48e+04
2021 11 19  1900   59537   68400    0        6.6      428.4     6.37e+04
2021 11 19  2000   59537   72000    0        8.2      438.5     4.56e+04
2021 11 19  2100   59537   75600    0        9.9      446.1     3.60e+04
2021 11 19  2200   59537   79200    0       12.1      427.7     6.50e+04
2021 11 19  2300   59537   82800    0       12.8      449.7     9.16e+04
2021 11 20  0000   59538       0    0       11.4      439.2     1.04e+05
2021 11 20  0100   59538    3600    0        8.9      422.7     9.75e+04
2021 11 20  0200   59538    7200    0        7.8      413.2     7.86e+04
2021 11 20  0300   59538   10800    0        8.3      417.1     1.13e+05
2021 11 20  0400   59538   14400    0        5.7      416.9     8.41e+04
2021 11 20  0500   59538   18000    0        2.8      445.0     1.23e+05
2021 11 20  0600   59538   21600    0        2.9      504.4     1.94e+05
2021 11 20  0700   59538   25200    0        2.5      516.8     2.46e+05
2021 11 20  0800   59538   28800    0        4.2      509.9     2.04e+05
2021 11 20  0900   59538   32400    0        2.7      515.4     2.78e+05
2021 11 20  1000   59538   36000    1        3.9      529.4     2.19e+05
2021 11 20  1100   59538   39600    0        4.1      534.9     1.82e+05
2021 11 20  1200   59538   43200    0        2.8      515.7     1.67e+05
2021 11 20  1300   59538   46800    0        2.2      518.6     1.71e+05
2021 11 20  1400   59538   50400    0        1.5      526.8     2.07e+05
2021 11 20  1500   59538   54000    0        2.0      530.5     1.79e+05
2021 11 20  1600   59538   57600    0        3.1      528.6     2.00e+05
2021 11 20  1700   59538   61200    0        3.1      528.4     1.71e+05
2021 11 20  1800   59538   64800    0        2.1      543.5     1.97e+05
2021 11 20  1900   59538   68400    0        1.8      539.6     2.54e+05
2021 11 20  2000   59538   72000    1        2.1      535.5     2.13e+05
2021 11 20  2100   59538   75600    1        1.9      542.3     1.72e+05
2021 11 20  2200   59538   79200    0        3.2      549.0     1.76e+05
2021 11 20  2300   59538   82800    0        2.6      547.6     1.69e+05
2021 11 21  0000   59539       0    3    -9999.9    -9999.9    -1.00e+05
2021 11 21  0100   59539    3600    0        1.6      599.1     2.39e+05
2021 11 21  0200   59539    7200    1        1.0      607.2     2.12e+05
2021 11 21  0300   59539   10800    0        1.5      620.3     2.11e+05
2021 11 21  0400   59539   14400    0        2.3      583.5     2.06e+05
2021 11 21  0500   59539   18000    0        2.3      572.9     1.49e+05
2021 11 21  0600   59539   21600    1        0.9      591.1     1.34e+05
2021 11 21  0700   59539   25200    0        2.1      631.2     2.15e+05
2021 11 21  0800   59539   28800    0        1.3      652.4     2.53e+05
2021 11 21  0900   59539   32400    0        2.3      673.9     2.34e+05
2021 11 21  1000   59539   36000    1        1.4      671.7     2.52e+05
2021 11 21  1100   59539   39600    9    -9999.9    -9999.9    -1.00e+05
2021 11 21  1200   59539   43200    1        2.0      657.3     2.99e+05
2021 11 21  1300   59539   46800    1        1.4      672.9     3.69e+05
2021 11 21  1400   59539   50400    0        2.6      657.0     2.98e+05
2021 11 21  1500   59539   54000    0        2.7      649.5     2.34e+05
2021 11 21  1600   59539   57600    0        2.2      641.8     3.14e+05
2021 11 21  1700   59539   61200    0        2.2      622.7     3.13e+05
2021 11 21  1800   59539   64800    1        2.0      624.5     2.48e+05
2021 11 21  1900   59539   68400    0        1.9      602.8     1.97e+05
2021 11 21  2000   59539   72000    1        1.7      588.7     1.82e+05
2021 11 21  2100   59539   75600    0        1.8      606.0     1.94e+05
2021 11 21  2200   59539   79200    0        1.8      622.0     1.77e+05
2021 11 21  2300   59539   82800    0        1.6      630.8     1.85e+05
2021 11 22  0000   59540       0    0        5.3      641.8     1.84e+05
2021 11 22  0100   59540    3600    9    -9999.9    -9999.9    -1.00e+05
2021 11 22  0200   59540    7200    9    -9999.9    -9999.9    -1.00e+05
2021 11 22  0300   59540   10800    3    -9999.9    -9999.9    -1.00e+05
2021 11 22  0400   59540   14400    0        1.5      583.0     1.55e+05
2021 11 22  0500   59540   18000    0        1.7      591.7     1.19e+05
2021 11 22  0600   59540   21600    0        1.7      591.5     1.18e+05
2021 11 22  0700   59540   25200    9    -9999.9    -9999.9    -1.00e+05
2021 11 22  0800   59540   28800    9    -9999.9    -9999.9    -1.00e+05
2021 11 22  0900   59540   32400    9    -9999.9    -9999.9    -1.00e+05
2021 11 22  1000   59540   36000    9    -9999.9    -9999.9    -1.00e+05
2021 11 22  1100   59540   39600    9    -9999.9    -9999.9    -1.00e+05
2021 11 22  1200   59540   43200    0        2.6      583.9     1.44e+05
2021 11 22  1300   59540   46800    0        1.4      584.1     1.27e+05
2021 11 22  1400   59540   50400    1        1.2      588.3     1.02e+05
2021 11 22  1500   59540   54000    0        1.6      552.7     1.38e+05
2021 11 22  1600   59540   57600    1        1.6      554.0     1.27e+05
2021 11 22  1700   59540   61200    0        1.8      565.1     1.03e+05
2021 11 22  1800   59540   64800    0        2.1      556.5     1.08e+05
2021 11 22  1900   59540   68400    0        1.5      545.3     1.28e+05
2021 11 22  2000   59540   72000    0        1.6      538.7     1.37e+05
2021 11 22  2100   59540   75600    0        1.4      532.1     1.37e+05
2021 11 22  2200   59540   79200    9    -9999.9    -9999.9    -1.00e+05
2021 11 22  2300   59540   82800    0        1.6      532.0     1.45e+05
2021 11 23  0000   59541       0    1        1.7      530.1     1.34e+05
2021 11 23  0100   59541    3600    1        1.7      531.8     1.50e+05
2021 11 23  0200   59541    7200    0        1.9      517.6     1.46e+05
2021 11 23  0300   59541   10800    0        2.2      514.8     1.51e+05
2021 11 23  0400   59541   14400    0        2.2      522.4     1.25e+05
2021 11 23  0500   59541   18000    0        2.5      515.2     1.14e+05
2021 11 23  0600   59541   21600    1        2.4      499.9     1.06e+05
2021 11 23  0700   59541   25200    0        1.6      504.7     1.24e+05
2021 11 23  0800   59541   28800    0        1.4      506.4     1.42e+05
2021 11 23  0900   59541   32400    0        1.7      514.1     1.25e+05
2021 11 23  1000   59541   36000    1        2.1      512.2     1.22e+05
2021 11 23  1100   59541   39600    0        1.6      528.0     1.27e+05
2021 11 23  1200   59541   43200    0        1.9      530.4     1.09e+05
2021 11 23  1300   59541   46800    0        1.9      537.4     1.08e+05
2021 11 23  1400   59541   50400    0        1.2      541.1     1.00e+05
2021 11 23  1500   59541   54000    0        1.2      524.4     1.28e+05
2021 11 23  1600   59541   57600    0        1.5      504.4     1.47e+05
2021 11 23  1700   59541   61200    1        1.4      507.9     1.30e+05
2021 11 23  1800   59541   64800    0        1.6      491.9     1.17e+05
2021 11 23  1900   59541   68400    0        1.4      504.6     7.20e+04
2021 11 23  2000   59541   72000    0        1.7      499.0     7.59e+04
2021 11 23  2100   59541   75600    9    -9999.9    -9999.9    -1.00e+05
2021 11 23  2200   59541   79200    9    -9999.9    -9999.9    -1.00e+05
2021 11 23  2300   59541   82800    0        1.9      495.1     1.52e+05
2021 11 24  0000   59542       0    3    -9999.9    -9999.9    -1.00e+05
2021 11 24  0100   59542    3600    0        6.1      484.2     9.32e+04
2021 11 24  0200   59542    7200    3    -9999.9    -9999.9    -1.00e+05
2021 11 24  0300   59542   10800    0        3.0      483.8     7.93e+04
2021 11 24  0400   59542   14400    0        2.3      484.3     6.68e+04
2021 11 24  0500   59542   18000    0        3.6      484.2     1.03e+05
2021 11 24  0600   59542   21600    0        3.0      469.9     7.81e+04
2021 11 24  0700   59542   25200    0        3.0      477.2     7.39e+04
2021 11 24  0800   59542   28800    0        3.3      485.1     8.62e+04
2021 11 24  0900   59542   32400    0        2.5      453.4     8.99e+04
2021 11 24  1000   59542   36000    0        4.1      449.5     8.01e+04
2021 11 24  1100   59542   39600    0        3.0      448.8     9.20e+04
2021 11 24  1200   59542   43200    0        2.9      448.3     8.29e+04
2021 11 24  1300   59542   46800    0        3.7      450.5     8.44e+04
2021 11 24  1400   59542   50400    0        3.6      464.9     1.06e+05
2021 11 24  1500   59542   54000    0        3.7      457.4     7.09e+04
2021 11 24  1600   59542   57600    0        4.2      453.1     6.97e+04
2021 11 24  1700   59542   61200    0        4.4      457.9     5.74e+04
2021 11 24  1800   59542   64800    0        3.8      451.3     6.15e+04
2021 11 24  1900   59542   68400    0        4.1      438.6     7.33e+04
2021 11 24  2000   59542   72000    0        3.7      439.4     6.70e+04
2021 11 24  2100   59542   75600    0        3.9      450.0     5.16e+04
2021 11 24  2200   59542   79200    3    -9999.9    -9999.9    -1.00e+05
2021 11 24  2300   59542   82800    0        3.2      428.6     5.34e+04
2021 11 25  0000   59543       0    0        3.2      441.0     6.93e+04
2021 11 25  0100   59543    3600    0        3.6      444.2     7.36e+04
2021 11 25  0200   59543    7200    0        3.7      451.6     7.18e+04
2021 11 25  0300   59543   10800    0        3.6      452.6     6.12e+04
2021 11 25  0400   59543   14400    0        4.4      452.5     9.30e+04
2021 11 25  0500   59543   18000    0        6.9      442.1     7.69e+04
2021 11 25  0600   59543   21600    0        6.1      445.2     6.17e+04
2021 11 25  0700   59543   25200    0        3.8      447.9     6.21e+04
2021 11 25  0800   59543   28800    0        3.3      443.6     6.51e+04
2021 11 25  0900   59543   32400    0        3.0      440.2     5.36e+04
2021 11 25  1000   59543   36000    0        2.5      437.9     6.38e+04
2021 11 25  1100   59543   39600    0        2.4      447.8     6.91e+04
2021 11 25  1200   59543   43200    0        2.6      439.6     6.40e+04
2021 11 25  1300   59543   46800    0        2.6      437.8     6.64e+04
2021 11 25  1400   59543   50400    0        5.6      437.4     7.25e+04
2021 11 25  1500   59543   54000    1        3.1      437.2     6.77e+04
2021 11 25  1600   59543   57600    0        2.5      428.6     7.31e+04
2021 11 25  1700   59543   61200    0        2.1      413.5     6.30e+04
2021 11 25  1800   59543   64800    0        2.3      425.2     6.33e+04
2021 11 25  1900   59543   68400    0        2.0      421.4     6.13e+04
2021 11 25  2000   59543   72000    0        2.0      411.3     5.49e+04
2021 11 25  2100   59543   75600    0        2.4      404.1     5.78e+04
2021 11 25  2200   59543   79200    0        3.7      598.1     1.26e+05
2021 11 25  2300   59543   82800    0       16.0      368.9     2.29e+04
2021 11 26  0000   59544       0    0        2.9      370.5     3.08e+04
2021 11 26  0100   59544    3600    0        2.7      373.4     1.83e+04
2021 11 26  0200   59544    7200    0        2.7      369.4     1.45e+04
2021 11 26  0300   59544   10800    0        3.6      366.4     2.22e+04
2021 11 26  0400   59544   14400    0        3.4      360.6     1.75e+04
2021 11 26  0500   59544   18000    0        3.9      357.3     1.58e+04
2021 11 26  0600   59544   21600    0        3.7      357.4     1.42e+04
2021 11 26  0700   59544   25200    0        4.5      358.3     1.44e+04
2021 11 26  0800   59544   28800    6        8.6      357.6     1.62e+04
2021 11 26  0900   59544   32400    1        5.8      352.7     1.88e+04
2021 11 26  1000   59544   36000    0        6.2      356.6     1.67e+04
2021 11 26  1100   59544   39600    0        5.4      356.8     1.48e+04
2021 11 26  1200   59544   43200    0        6.7      356.1     1.63e+04
2021 11 26  1300   59544   46800    0       10.8      357.4     1.98e+04
2021 11 26  1400   59544   50400    0        9.4      356.3     2.43e+04
2021 11 26  1500   59544   54000    0        8.1      353.7     2.20e+04
2021 11 26  1600   59544   57600    0       12.1      349.4     2.30e+04
2021 11 26  1700   59544   61200    0       10.7      351.5     2.64e+04
2021 11 26  1800   59544   64800    0       10.1      348.7     2.21e+04
2021 11 26  1900   59544   68400    0        8.3      350.3     2.24e+04
2021 11 26  2000   59544   72000    0        5.4      350.5     2.64e+04
2021 11 26  2100   59544   75600    0        5.9      353.7     1.95e+04
2021 11 26  2200   59544   79200    0        5.2      348.3     2.12e+04
2021 11 26  2300   59544   82800    0        4.4      346.5     2.81e+04
2021 11 27  0000   59545       0    0        2.7      354.3     4.83e+04
2021 11 27  0100   59545    3600    0        2.7      361.1     6.40e+04
2021 11 27  0200   59545    7200    0        2.0      349.8     5.72e+04
2021 11 27  0300   59545   10800    0        1.7      341.1     4.82e+04
2021 11 27  0400   59545   14400    1        1.4      343.0     5.04e+04
2021 11 27  0500   59545   18000    0        1.4      343.9     4.61e+04
2021 11 27  0600   59545   21600    0        1.1      322.0     3.75e+04
2021 11 27  0700   59545   25200    0        1.4      313.3     1.29e+04
2021 11 27  0800   59545   28800    0        3.4      321.3     1.80e+04
2021 11 27  0900   59545   32400    0        3.4      344.4     4.19e+04
2021 11 27  1000   59545   36000    1        0.4      357.2     5.54e+04
2021 11 27  1100   59545   39600    0        0.6      351.7     4.72e+04
2021 11 27  1200   59545   43200    0        0.8      348.6     4.75e+04
2021 11 27  1300   59545   46800    1        1.1      345.1     4.47e+04
2021 11 27  1400   59545   50400    1        1.1      340.8     4.79e+04
2021 11 27  1500   59545   54000    0        1.3      337.2     4.23e+04
2021 11 27  1600   59545   57600    0        1.6      329.2     3.92e+04
2021 11 27  1700   59545   61200    0        2.0      322.1     3.62e+04
2021 11 27  1800   59545   64800    0        2.1      317.5     3.48e+04
2021 11 27  1900   59545   68400    0        3.8      299.9     1.84e+04
2021 11 27  2000   59545   72000    0        3.2      299.9     1.61e+04
2021 11 27  2100   59545   75600    3    -9999.9    -9999.9    -1.00e+05
2021 11 27  2200   59545   79200    0       28.6      381.6     4.23e+04
2021 11 27  2300   59545   82800    0       25.7      376.7     4.33e+04
2021 11 28  0000   59546       0    0       16.6      381.2     5.39e+04
2021 11 28  0100   59546    3600    1       12.9      388.1     7.29e+04
2021 11 28  0200   59546    7200    0       11.4      392.5     1.38e+05
2021 11 28  0300   59546   10800    0       11.2      398.8     1.41e+05
2021 11 28  0400   59546   14400    0        8.9      408.6     1.13e+05
2021 11 28  0500   59546   18000    0       16.6      397.3     1.02e+05
2021 11 28  0600   59546   21600    0       14.1      400.6     1.23e+05
2021 11 28  0700   59546   25200    0       12.2      389.0     9.55e+04
2021 11 28  0800   59546   28800    0       15.2      387.1     1.05e+05
2021 11 28  0900   59546   32400    0        9.4      378.0     5.96e+04
2021 11 28  1000   59546   36000    3    -9999.9    -9999.9    -1.00e+05
2021 11 28  1100   59546   39600    0        6.2      366.5     2.19e+04
2021 11 28  1200   59546   43200    0        7.4      365.8     2.63e+04
2021 11 28  1300   59546   46800    0       10.6      362.9     2.21e+04
2021 11 28  1400   59546   50400    0        7.9      366.2     1.66e+04
2021 11 28  1500   59546   54000    0       10.3      376.0     1.50e+04
2021 11 28  1600   59546   57600    0       10.9      371.8     1.38e+04
2021 11 28  1700   59546   61200    0       10.3      352.4     2.10e+04
2021 11 28  1800   59546   64800    0        4.9      354.8     2.41e+04
2021 11 28  1900   59546   68400    0        4.4      368.1     2.30e+04
2021 11 28  2000   59546   72000    0        4.8      365.7     2.25e+04
2021 11 28  2100   59546   75600    0        2.7      364.2     2.42e+04
2021 11 28  2200   59546   79200    0        9.4      370.3     1.16e+04
2021 11 28  2300   59546   82800    0        9.2      370.8     1.63e+04
2021 11 29  0000   59547       0    0        7.6      377.0     3.07e+04
2021 11 29  0100   59547    3600    6        5.4      378.6     3.85e+04
2021 11 29  0200   59547    7200    6       55.2      443.7     7.14e+05
2021 11 29  0300   59547   10800    0       25.1      377.5     1.31e+05
2021 11 29  0400   59547   14400    0        5.7      387.6     1.13e+05
2021 11 29  0500   59547   18000    0        6.9      370.8     9.96e+04
2021 11 29  0600   59547   21600    0        5.5      384.5     9.44e+04
2021 11 29  0700   59547   25200    0        4.7      383.7     9.35e+04
2021 11 29  0800   59547   28800    0        4.7      378.1     6.63e+04
2021 11 29  0900   59547   32400    0        5.5      369.6     4.58e+04
2021 11 29  1000   59547   36000    0        4.6      364.4     4.30e+04
2021 11 29  1100   59547   39600    0        4.3      363.4     4.26e+04
2021 11 29  1200   59547   43200    1        4.5      364.0     4.85e+04
2021 11 29  1300   59547   46800    0        5.5      367.3     5.88e+04
2021 11 29  1400   59547   50400    0        5.9      364.5     6.77e+04
2021 11 29  1500   59547   54000    0        5.9      364.6     5.32e+04
2021 11 29  1600   59547   57600    1        7.8      366.1     4.92e+04
2021 11 29  1700   59547   61200    0       12.4      365.5     4.26e+04
2021 11 29  1800   59547   64800    3    -9999.9    -9999.9    -1.00e+05
2021 11 29  1900   59547   68400    0        8.3      361.6     3.10e+04
2021 11 29  2000   59547   72000    1        8.5      358.0     2.66e+04
2021 11 29  2100   59547   75600    0        7.3      350.6     3.25e+04
2021 11 29  2200   59547   79200    0        6.4      348.6     3.15e+04
2021 11 29  2300   59547   82800    0        7.7      351.0     2.92e+04
2021 11 30  0000   59548       0    0        6.8      357.2     3.51e+04
2021 11 30  0100   59548    3600    0       12.9      355.8     1.47e+04
2021 11 30  0200   59548    7200    0       14.0      354.9     1.60e+04
2021 11 30  0300   59548   10800    0       13.0      351.5     1.39e+04
2021 11 30  0400   59548   14400    0       11.0      347.5     1.35e+04
2021 11 30  0500   59548   18000    0       10.1      348.1     1.61e+04
2021 11 30  0600   59548   21600    0       10.7      346.2     1.51e+04
2021 11 30  0700   59548   25200    6       11.4      345.7     1.93e+04
2021 11 30  0800   59548   28800    1        8.0      341.5     2.25e+04
2021 11 30  0900   59548   32400    6        4.8      340.0     2.61e+04
2021 11 30  1000   59548   36000    0        4.8      340.7     2.99e+04
2021 11 30  1100   59548   39600    1        6.1      340.0     4.07e+04
2021 11 30  1200   59548   43200    0        7.5      345.7     2.61e+04
2021 11 30  1300   59548   46800    0       10.9      348.7     1.91e+04
2021 11 30  1400   59548   50400    0       11.2      359.0     3.23e+04
2021 11 30  1500   59548   54000    0       14.5      370.6     3.82e+04
2021 11 30  1600   59548   57600    0       19.7      366.2     3.09e+04
2021 11 30  1700   59548   61200    0       18.8      364.2     3.00e+04
2021 11 30  1800   59548   64800    0       36.9      361.0     1.99e+04
2021 11 30  1900   59548   68400    0       31.5      368.9     3.58e+04
2021 11 30  2000   59548   72000    0       13.4      394.4     7.56e+04
2021 11 30  2100   59548   75600    0        9.7      430.0     1.85e+05
2021 11 30  2200   59548   79200    9    -9999.9    -9999.9    -1.00e+05
2021 11 30  2300   59548   82800    9    -9999.9    -9999.9    -1.00e+05
