:Product: 202110_ace_swepam_1h.txt
:Issued: 2021 Nov 01 0510 UT
# Prepared by the U.S. Dept. of Commerce, NOAA, Space Weather Prediction Center
# Please send comments and suggestions to SWPC.Webmaster@noaa.gov 
# 
# Units: Proton density p/cc
# Units: Bulk speed km/s
# Units: Ion tempeture degrees K
# Status(S): 0 = nominal data, 1 to 8 = bad data record, 9 = no data
# Missing data values: Density and Speed = -9999.9, Temp. = -1.00e+05
# Source: ACE Satellite - Solar Wind Electron Proton Alpha Monitor
#
#   Hourly Averaged Real-time Bulk Parameters of the Solar Wind Plasma
# 
#                Modified Seconds   -------------  Solar Wind  -----------
# UT Date   Time  Julian  of the          Proton      Bulk         Ion
# YR MO DA  HHMM    Day     Day     S    Density     Speed     Temperature
#-------------------------------------------------------------------------
2021 10 01  0000   59488       0    0        0.2      547.7     1.89e+05
2021 10 01  0100   59488    3600    1        0.3      547.0     1.79e+05
2021 10 01  0200   59488    7200    0        0.1      502.8     2.01e+05
2021 10 01  0300   59488   10800    0        0.2      475.4     1.99e+05
2021 10 01  0400   59488   14400    0        0.7      503.6     2.40e+05
2021 10 01  0500   59488   18000    0        1.9      505.1     1.63e+05
2021 10 01  0600   59488   21600    0        1.5      519.9     1.79e+05
2021 10 01  0700   59488   25200    6        2.9      532.5     2.16e+05
2021 10 01  0800   59488   28800    0        3.3      552.4     2.39e+05
2021 10 01  0900   59488   32400    9    -9999.9    -9999.9    -1.00e+05
2021 10 01  1000   59488   36000    0        8.1      529.3     7.16e+04
2021 10 01  1100   59488   39600    0        4.1      524.5     6.82e+04
2021 10 01  1200   59488   43200    0        4.4      514.5     7.20e+04
2021 10 01  1300   59488   46800    0        0.5      536.8     1.66e+05
2021 10 01  1400   59488   50400    0        0.1      525.7     1.65e+05
2021 10 01  1500   59488   54000    0        0.0      540.3     8.50e+04
2021 10 01  1600   59488   57600    0        0.1      508.5     6.95e+04
2021 10 01  1700   59488   61200    0        0.2      519.9     4.93e+04
2021 10 01  1800   59488   64800    0        0.1      510.0     7.25e+04
2021 10 01  1900   59488   68400    0        0.2      498.0     3.20e+04
2021 10 01  2000   59488   72000    0        0.5      493.9     2.90e+04
2021 10 01  2100   59488   75600    0        0.3      480.4     2.38e+04
2021 10 01  2200   59488   79200    0        0.2      468.3     3.23e+04
2021 10 01  2300   59488   82800    0        0.1      460.4     4.27e+04
2021 10 02  0000   59489       0    0        0.0      455.0     5.53e+04
2021 10 02  0100   59489    3600    0        0.0      459.8     1.77e+05
2021 10 02  0200   59489    7200    0        0.0      450.6     1.01e+05
2021 10 02  0300   59489   10800    0        0.3      453.4     5.18e+04
2021 10 02  0400   59489   14400    0        0.4      447.3     4.30e+04
2021 10 02  0500   59489   18000    1        0.3      444.0     5.48e+04
2021 10 02  0600   59489   21600    0        0.1      449.1     6.27e+04
2021 10 02  0700   59489   25200    0        0.1      445.7     6.34e+04
2021 10 02  0800   59489   28800    0        0.2      448.8     9.91e+04
2021 10 02  0900   59489   32400    0        1.3      444.2     3.85e+04
2021 10 02  1000   59489   36000    0        0.8      439.3     3.14e+04
2021 10 02  1100   59489   39600    0        1.9      428.0     1.42e+04
2021 10 02  1200   59489   43200    0        2.2      420.1     1.90e+04
2021 10 02  1300   59489   46800    0        1.8      419.8     2.82e+04
2021 10 02  1400   59489   50400    0        1.2      400.0     4.45e+04
2021 10 02  1500   59489   54000    0        1.4      423.4     6.52e+04
2021 10 02  1600   59489   57600    0        1.0      427.9     4.48e+04
2021 10 02  1700   59489   61200    0        1.1      417.8     4.23e+04
2021 10 02  1800   59489   64800    0        0.8      414.8     5.59e+04
2021 10 02  1900   59489   68400    0        1.0      407.8     3.86e+04
2021 10 02  2000   59489   72000    0        0.6      406.1     6.04e+04
2021 10 02  2100   59489   75600    0        0.7      411.7     6.85e+04
2021 10 02  2200   59489   79200    3    -9999.9    -9999.9    -1.00e+05
2021 10 02  2300   59489   82800    0        1.8      409.1     3.61e+04
2021 10 03  0000   59490       0    0        1.7      412.7     3.20e+04
2021 10 03  0100   59490    3600    0        1.2      416.7     3.29e+04
2021 10 03  0200   59490    7200    0        1.2      414.6     3.06e+04
2021 10 03  0300   59490   10800    0        1.1      413.4     3.33e+04
2021 10 03  0400   59490   14400    0        1.2      409.9     3.74e+04
2021 10 03  0500   59490   18000    0        1.8      398.3     5.32e+04
2021 10 03  0600   59490   21600    0        1.7      400.7     4.70e+04
2021 10 03  0700   59490   25200    0        2.2      400.5     4.65e+04
2021 10 03  0800   59490   28800    0        2.1      404.6     2.73e+04
2021 10 03  0900   59490   32400    0        2.2      397.0     3.65e+04
2021 10 03  1000   59490   36000    0        1.7      397.0     4.09e+04
2021 10 03  1100   59490   39600    0        1.6      390.1     3.52e+04
2021 10 03  1200   59490   43200    0        2.1      386.6     3.88e+04
2021 10 03  1300   59490   46800    0        2.8      385.3     2.95e+04
2021 10 03  1400   59490   50400    0        2.2      384.4     4.11e+04
2021 10 03  1500   59490   54000    0        2.8      382.6     3.61e+04
2021 10 03  1600   59490   57600    0        3.4      383.2     3.34e+04
2021 10 03  1700   59490   61200    0        1.7      396.5     3.38e+04
2021 10 03  1800   59490   64800    0        2.1      392.9     2.65e+04
2021 10 03  1900   59490   68400    0        2.1      385.3     2.06e+04
2021 10 03  2000   59490   72000    0        1.7      382.6     2.25e+04
2021 10 03  2100   59490   75600    9    -9999.9    -9999.9    -1.00e+05
2021 10 03  2200   59490   79200    9    -9999.9    -9999.9    -1.00e+05
2021 10 03  2300   59490   82800    9    -9999.9    -9999.9    -1.00e+05
2021 10 04  0000   59491       0    9    -9999.9    -9999.9    -1.00e+05
2021 10 04  0100   59491    3600    9    -9999.9    -9999.9    -1.00e+05
2021 10 04  0200   59491    7200    9    -9999.9    -9999.9    -1.00e+05
2021 10 04  0300   59491   10800    9    -9999.9    -9999.9    -1.00e+05
2021 10 04  0400   59491   14400    9    -9999.9    -9999.9    -1.00e+05
2021 10 04  0500   59491   18000    0        1.4      363.9     3.39e+04
2021 10 04  0600   59491   21600    0        1.4      362.1     3.44e+04
2021 10 04  0700   59491   25200    0        1.3      357.8     3.69e+04
2021 10 04  0800   59491   28800    0        1.3      352.4     3.95e+04
2021 10 04  0900   59491   32400    0        1.1      354.1     3.91e+04
2021 10 04  1000   59491   36000    0        0.7      354.4     4.05e+04
2021 10 04  1100   59491   39600    0        0.8      355.3     4.47e+04
2021 10 04  1200   59491   43200    0        0.7      348.2     4.08e+04
2021 10 04  1300   59491   46800    0        0.5      341.0     3.74e+04
2021 10 04  1400   59491   50400    0        0.5      335.1     3.20e+04
2021 10 04  1500   59491   54000    0        0.8      333.0     3.34e+04
2021 10 04  1600   59491   57600    0        0.9      335.6     3.57e+04
2021 10 04  1700   59491   61200    0        1.3      337.2     4.09e+04
2021 10 04  1800   59491   64800    0        1.5      330.3     2.57e+04
2021 10 04  1900   59491   68400    0        1.4      326.5     3.81e+04
2021 10 04  2000   59491   72000    0        1.5      324.6     4.52e+04
2021 10 04  2100   59491   75600    9    -9999.9    -9999.9    -1.00e+05
2021 10 04  2200   59491   79200    9    -9999.9    -9999.9    -1.00e+05
2021 10 04  2300   59491   82800    0        1.4      316.5     1.87e+04
2021 10 05  0000   59492       0    0        1.4      312.4     1.91e+04
2021 10 05  0100   59492    3600    0        1.6      314.6     1.63e+04
2021 10 05  0200   59492    7200    0        1.5      304.9     1.46e+04
2021 10 05  0300   59492   10800    0        0.8      304.8     1.24e+04
2021 10 05  0400   59492   14400    0        0.9      302.3     1.20e+04
2021 10 05  0500   59492   18000    0        0.9      292.8     1.08e+04
2021 10 05  0600   59492   21600    0        1.0      289.7     1.47e+04
2021 10 05  0700   59492   25200    0        0.9      286.5     1.48e+04
2021 10 05  0800   59492   28800    1        0.5      284.2     1.62e+04
2021 10 05  0900   59492   32400    0        0.5      283.4     2.31e+04
2021 10 05  1000   59492   36000    1        0.5      283.2     1.35e+04
2021 10 05  1100   59492   39600    1        0.5      287.0     1.14e+04
2021 10 05  1200   59492   43200    0        0.5      286.0     2.13e+04
2021 10 05  1300   59492   46800    0        2.0      301.3     2.35e+04
2021 10 05  1400   59492   50400    0        3.3      302.5     1.81e+04
2021 10 05  1500   59492   54000    0        3.0      305.1     1.99e+04
2021 10 05  1600   59492   57600    0        3.1      300.9     1.60e+04
2021 10 05  1700   59492   61200    0        2.8      294.8     1.61e+04
2021 10 05  1800   59492   64800    0        2.4      294.5     1.77e+04
2021 10 05  1900   59492   68400    0        2.4      291.0     1.54e+04
2021 10 05  2000   59492   72000    0        1.9      296.0     1.64e+04
2021 10 05  2100   59492   75600    0        1.8      300.2     1.73e+04
2021 10 05  2200   59492   79200    0        2.8      302.0     1.53e+04
2021 10 05  2300   59492   82800    0        3.6      301.7     1.41e+04
2021 10 06  0000   59493       0    0        4.0      301.9     1.51e+04
2021 10 06  0100   59493    3600    0        4.1      302.2     1.40e+04
2021 10 06  0200   59493    7200    0        9.6      316.8     2.38e+04
2021 10 06  0300   59493   10800    0        7.8      318.5     2.50e+04
2021 10 06  0400   59493   14400    0       10.2      318.0     2.33e+04
2021 10 06  0500   59493   18000    0       12.9      319.7     3.09e+04
2021 10 06  0600   59493   21600    0        9.3      326.7     3.46e+04
2021 10 06  0700   59493   25200    0       10.2      324.7     3.18e+04
2021 10 06  0800   59493   28800    0        8.1      317.5     3.66e+04
2021 10 06  0900   59493   32400    0        4.1      324.8     3.60e+04
2021 10 06  1000   59493   36000    0        2.4      326.4     3.40e+04
2021 10 06  1100   59493   39600    0        2.5      324.4     2.14e+04
2021 10 06  1200   59493   43200    0        4.0      321.3     2.32e+04
2021 10 06  1300   59493   46800    0        3.9      321.5     3.25e+04
2021 10 06  1400   59493   50400    0        1.7      322.3     2.82e+04
2021 10 06  1500   59493   54000    1        0.8      321.3     3.50e+04
2021 10 06  1600   59493   57600    9    -9999.9    -9999.9    -1.00e+05
2021 10 06  1700   59493   61200    9    -9999.9    -9999.9    -1.00e+05
2021 10 06  1800   59493   64800    9    -9999.9    -9999.9    -1.00e+05
2021 10 06  1900   59493   68400    9    -9999.9    -9999.9    -1.00e+05
2021 10 06  2000   59493   72000    9    -9999.9    -9999.9    -1.00e+05
2021 10 06  2100   59493   75600    9    -9999.9    -9999.9    -1.00e+05
2021 10 06  2200   59493   79200    9    -9999.9    -9999.9    -1.00e+05
2021 10 06  2300   59493   82800    9    -9999.9    -9999.9    -1.00e+05
2021 10 07  0000   59494       0    0        2.1      297.9     1.35e+04
2021 10 07  0100   59494    3600    0        1.9      298.0     1.34e+04
2021 10 07  0200   59494    7200    0        2.0      291.0     1.34e+04
2021 10 07  0300   59494   10800    0        2.3      298.9     2.12e+04
2021 10 07  0400   59494   14400    0        1.8      314.8     2.34e+04
2021 10 07  0500   59494   18000    0        0.2      354.6     8.30e+04
2021 10 07  0600   59494   21600    0        0.1      352.3     6.02e+04
2021 10 07  0700   59494   25200    1        0.2      347.3     7.49e+04
2021 10 07  0800   59494   28800    0        0.8      352.7     1.35e+05
2021 10 07  0900   59494   32400    0        0.5      345.6     1.32e+05
2021 10 07  1000   59494   36000    0        0.7      361.1     1.30e+05
2021 10 07  1100   59494   39600    0        1.6      360.6     9.39e+04
2021 10 07  1200   59494   43200    0        0.8      347.1     6.44e+04
2021 10 07  1300   59494   46800    1        0.7      339.1     6.95e+04
2021 10 07  1400   59494   50400    1        0.4      329.1     7.19e+04
2021 10 07  1500   59494   54000    0        1.1      321.5     5.28e+04
2021 10 07  1600   59494   57600    0        1.2      314.2     5.49e+04
2021 10 07  1700   59494   61200    0        1.4      311.2     5.27e+04
2021 10 07  1800   59494   64800    0        1.2      317.4     5.32e+04
2021 10 07  1900   59494   68400    0        1.1      319.3     3.86e+04
2021 10 07  2000   59494   72000    0        1.3      312.1     4.63e+04
2021 10 07  2100   59494   75600    0        5.3      309.6     3.61e+04
2021 10 07  2200   59494   79200    0        1.2      308.5     3.09e+04
2021 10 07  2300   59494   82800    0        1.2      307.6     2.76e+04
2021 10 08  0000   59495       0    0        0.9      304.6     2.64e+04
2021 10 08  0100   59495    3600    1        1.2      305.2     1.78e+04
2021 10 08  0200   59495    7200    1        0.6      306.6     2.02e+04
2021 10 08  0300   59495   10800    0        0.8      302.6     1.85e+04
2021 10 08  0400   59495   14400    0        0.8      297.8     1.51e+04
2021 10 08  0500   59495   18000    0        0.7      299.5     1.72e+04
2021 10 08  0600   59495   21600    1        0.8      291.1     1.83e+04
2021 10 08  0700   59495   25200    0        0.7      296.3     2.33e+04
2021 10 08  0800   59495   28800    0        1.4      292.7     1.44e+04
2021 10 08  0900   59495   32400    0        1.1      288.0     1.34e+04
2021 10 08  1000   59495   36000    0        1.5      288.4     1.21e+04
2021 10 08  1100   59495   39600    1        1.4      287.3     1.25e+04
2021 10 08  1200   59495   43200    0        1.8      292.0     1.98e+04
2021 10 08  1300   59495   46800    0        1.1      291.0     1.71e+04
2021 10 08  1400   59495   50400    0        1.3      288.1     1.65e+04
2021 10 08  1500   59495   54000    1        1.1      285.0     1.94e+04
2021 10 08  1600   59495   57600    1        1.2      281.9     1.10e+04
2021 10 08  1700   59495   61200    0        1.5      284.1     1.08e+04
2021 10 08  1800   59495   64800    0        1.8      285.3     1.13e+04
2021 10 08  1900   59495   68400    1        1.8      284.2     1.15e+04
2021 10 08  2000   59495   72000    0        1.4      282.2     1.19e+04
2021 10 08  2100   59495   75600    0        1.4      286.3     1.25e+04
2021 10 08  2200   59495   79200    1        1.5      286.3     1.22e+04
2021 10 08  2300   59495   82800    1        1.0      285.6     1.21e+04
2021 10 09  0000   59496       0    0        1.9      289.0     1.90e+04
2021 10 09  0100   59496    3600    0        2.2      289.4     2.11e+04
2021 10 09  0200   59496    7200    1        1.3      284.1     1.67e+04
2021 10 09  0300   59496   10800    0        0.9      284.7     1.48e+04
2021 10 09  0400   59496   14400    1        1.0      290.5     1.69e+04
2021 10 09  0500   59496   18000    0        1.3      290.9     1.39e+04
2021 10 09  0600   59496   21600    0        1.6      290.0     1.48e+04
2021 10 09  0700   59496   25200    0        1.8      286.1     1.62e+04
2021 10 09  0800   59496   28800    0        5.0      273.6     1.39e+04
2021 10 09  0900   59496   32400    0        0.6      271.1     1.82e+04
2021 10 09  1000   59496   36000    0        0.4      282.5     2.97e+04
2021 10 09  1100   59496   39600    0        0.7      285.6     1.64e+04
2021 10 09  1200   59496   43200    0        1.1      290.6     2.00e+04
2021 10 09  1300   59496   46800    0        2.4      295.5     1.46e+04
2021 10 09  1400   59496   50400    0        1.6      295.9     1.32e+04
2021 10 09  1500   59496   54000    1        2.5      295.3     1.35e+04
2021 10 09  1600   59496   57600    0        2.7      292.5     1.25e+04
2021 10 09  1700   59496   61200    0        3.2      289.7     1.02e+04
2021 10 09  1800   59496   64800    0        4.1      289.9     1.01e+04
2021 10 09  1900   59496   68400    0        2.9      290.1    -1.00e+05
2021 10 09  2000   59496   72000    0        2.3      290.6     1.07e+04
2021 10 09  2100   59496   75600    0        2.5      290.6     1.16e+04
2021 10 09  2200   59496   79200    0        1.9      295.6     1.27e+04
2021 10 09  2300   59496   82800    0        1.7      294.1     1.21e+04
2021 10 10  0000   59497       0    0        2.2      294.9     1.22e+04
2021 10 10  0100   59497    3600    0        4.5      297.6     1.37e+04
2021 10 10  0200   59497    7200    1        5.9      301.1     2.91e+04
2021 10 10  0300   59497   10800    1        4.0      304.8     3.88e+04
2021 10 10  0400   59497   14400    0        4.6      300.3     4.43e+04
2021 10 10  0500   59497   18000    0        6.0      307.0     2.33e+04
2021 10 10  0600   59497   21600    0        8.1      303.5     1.90e+04
2021 10 10  0700   59497   25200    0        8.7      298.1     1.50e+04
2021 10 10  0800   59497   28800    0       10.5      295.0     1.73e+04
2021 10 10  0900   59497   32400    0       10.2      296.7     2.08e+04
2021 10 10  1000   59497   36000    0        9.2      295.0     2.06e+04
2021 10 10  1100   59497   39600    0       10.4      294.8     2.35e+04
2021 10 10  1200   59497   43200    0        9.8      295.8     1.85e+04
2021 10 10  1300   59497   46800    0        6.0      305.9     2.42e+04
2021 10 10  1400   59497   50400    0        5.2      311.9     3.52e+04
2021 10 10  1500   59497   54000    9    -9999.9    -9999.9    -1.00e+05
2021 10 10  1600   59497   57600    0        5.3      304.2     4.57e+04
2021 10 10  1700   59497   61200    0        6.2      309.3     4.00e+04
2021 10 10  1800   59497   64800    0        7.0      317.8     5.21e+04
2021 10 10  1900   59497   68400    0        3.5      336.2     6.36e+04
2021 10 10  2000   59497   72000    0        3.9      343.2     6.73e+04
2021 10 10  2100   59497   75600    0        7.0      339.1     5.46e+04
2021 10 10  2200   59497   79200    0        3.8      335.2     5.80e+04
2021 10 10  2300   59497   82800    0        3.2      340.7     7.60e+04
2021 10 11  0000   59498       0    0        3.1      345.0     6.89e+04
2021 10 11  0100   59498    3600    0        3.5      358.3     9.41e+04
2021 10 11  0200   59498    7200    0        4.7      358.4     7.53e+04
2021 10 11  0300   59498   10800    0        4.3      381.7     1.15e+05
2021 10 11  0400   59498   14400    0        4.1      395.2     1.31e+05
2021 10 11  0500   59498   18000    0        3.6      397.2     1.40e+05
2021 10 11  0600   59498   21600    1        3.8      384.3     1.09e+05
2021 10 11  0700   59498   25200    0        3.6      391.2     1.04e+05
2021 10 11  0800   59498   28800    0        4.4      401.1     1.12e+05
2021 10 11  0900   59498   32400    0        3.3      388.0     9.47e+04
2021 10 11  1000   59498   36000    0        4.6      392.8     9.26e+04
2021 10 11  1100   59498   39600    0        3.2      397.5     8.87e+04
2021 10 11  1200   59498   43200    0        2.8      386.9     7.98e+04
2021 10 11  1300   59498   46800    0        2.8      390.3     8.91e+04
2021 10 11  1400   59498   50400    0        2.1      381.9     6.69e+04
2021 10 11  1500   59498   54000    9    -9999.9    -9999.9    -1.00e+05
2021 10 11  1600   59498   57600    9    -9999.9    -9999.9    -1.00e+05
2021 10 11  1700   59498   61200    0        1.9      378.0     4.59e+04
2021 10 11  1800   59498   64800    0        1.4      374.0     3.53e+04
2021 10 11  1900   59498   68400    0        1.5      375.6     4.11e+04
2021 10 11  2000   59498   72000    0        1.1      377.5     3.71e+04
2021 10 11  2100   59498   75600    0        1.3      374.0     3.64e+04
2021 10 11  2200   59498   79200    0        1.6      367.9     3.85e+04
2021 10 11  2300   59498   82800    0        1.9      368.6     4.47e+04
2021 10 12  0000   59499       0    0        1.9      369.8     3.25e+04
2021 10 12  0100   59499    3600    0        4.0      398.6     9.96e+04
2021 10 12  0200   59499    7200    1        6.8      447.0     1.97e+05
2021 10 12  0300   59499   10800    0       16.8      442.6     1.82e+05
2021 10 12  0400   59499   14400    9    -9999.9    -9999.9    -1.00e+05
2021 10 12  0500   59499   18000    0        4.0      462.9     2.05e+05
2021 10 12  0600   59499   21600    0        2.5      463.9     2.76e+05
2021 10 12  0700   59499   25200    0        3.7      466.6     1.72e+05
2021 10 12  0800   59499   28800    0        8.5      458.3     1.45e+05
2021 10 12  0900   59499   32400    0       21.6      455.2     8.32e+04
2021 10 12  1000   59499   36000    0       10.5      450.2     1.50e+05
2021 10 12  1100   59499   39600    0       10.1      452.0     1.26e+05
2021 10 12  1200   59499   43200    0       16.2      455.1     1.00e+05
2021 10 12  1300   59499   46800    3    -9999.9    -9999.9    -1.00e+05
2021 10 12  1400   59499   50400    0       25.8      467.1     5.67e+04
2021 10 12  1500   59499   54000    0       13.6      481.3     5.52e+04
2021 10 12  1600   59499   57600    0       15.9      466.5     3.64e+04
2021 10 12  1700   59499   61200    0        7.7      444.7     6.75e+04
2021 10 12  1800   59499   64800    0       15.0      464.0     4.04e+04
2021 10 12  1900   59499   68400    0       17.8      458.2     2.73e+04
2021 10 12  2000   59499   72000    0       14.3      448.3     1.95e+04
2021 10 12  2100   59499   75600    9    -9999.9    -9999.9    -1.00e+05
2021 10 12  2200   59499   79200    9    -9999.9    -9999.9    -1.00e+05
2021 10 12  2300   59499   82800    0        6.1      453.2     1.06e+04
2021 10 13  0000   59500       0    0        6.8      450.7     1.10e+04
2021 10 13  0100   59500    3600    0        5.8      447.9     1.11e+04
2021 10 13  0200   59500    7200    0        5.2      449.2     1.35e+04
2021 10 13  0300   59500   10800    0        3.9      446.4     1.29e+04
2021 10 13  0400   59500   14400    0        2.7      443.3     1.51e+04
2021 10 13  0500   59500   18000    3    -9999.9    -9999.9    -1.00e+05
2021 10 13  0600   59500   21600    0        2.7      437.8     2.17e+04
2021 10 13  0700   59500   25200    0        2.8      436.5     1.69e+04
2021 10 13  0800   59500   28800    0        2.9      428.8     2.37e+04
2021 10 13  0900   59500   32400    0        2.1      425.6     2.56e+04
2021 10 13  1000   59500   36000    0        1.8      420.6     3.21e+04
2021 10 13  1100   59500   39600    0        2.2      418.1     2.94e+04
2021 10 13  1200   59500   43200    0        1.9      415.1     3.91e+04
2021 10 13  1300   59500   46800    0        1.8      415.7     4.45e+04
2021 10 13  1400   59500   50400    0        3.2      408.0     1.54e+04
2021 10 13  1500   59500   54000    0        3.3      403.4     1.56e+04
2021 10 13  1600   59500   57600    0        1.7      411.1     4.40e+04
2021 10 13  1700   59500   61200    0        1.1      409.2     5.49e+04
2021 10 13  1800   59500   64800    0        1.1      413.4     5.12e+04
2021 10 13  1900   59500   68400    0        0.9      405.4     3.31e+04
2021 10 13  2000   59500   72000    0        2.1      399.0     1.83e+04
2021 10 13  2100   59500   75600    0        2.1      395.1     2.14e+04
2021 10 13  2200   59500   79200    0        2.2      387.0     2.36e+04
2021 10 13  2300   59500   82800    0        4.1      399.7     3.16e+04
2021 10 14  0000   59501       0    0        3.4      392.4     3.31e+04
2021 10 14  0100   59501    3600    0        2.4      393.0     2.88e+04
2021 10 14  0200   59501    7200    0        4.8      395.9     2.52e+04
2021 10 14  0300   59501   10800    0        3.8      393.3     3.23e+04
2021 10 14  0400   59501   14400    0        4.3      398.7     4.37e+04
2021 10 14  0500   59501   18000    0        4.2      397.2     4.29e+04
2021 10 14  0600   59501   21600    0        4.8      394.9     3.90e+04
2021 10 14  0700   59501   25200    0        4.3      391.8     3.40e+04
2021 10 14  0800   59501   28800    0        4.6      387.7     3.27e+04
2021 10 14  0900   59501   32400    0        2.8      379.7     3.44e+04
2021 10 14  1000   59501   36000    0        1.3      385.4     3.43e+04
2021 10 14  1100   59501   39600    0        1.4      383.2     2.72e+04
2021 10 14  1200   59501   43200    0        0.7      378.5     4.51e+04
2021 10 14  1300   59501   46800    1        0.3      384.7     5.13e+04
2021 10 14  1400   59501   50400    0        1.1      381.0     4.09e+04
2021 10 14  1500   59501   54000    0        1.8      379.8     2.80e+04
2021 10 14  1600   59501   57600    0        1.0      377.6     3.28e+04
2021 10 14  1700   59501   61200    0        2.4      378.8     3.12e+04
2021 10 14  1800   59501   64800    0        7.6      378.6     1.74e+04
2021 10 14  1900   59501   68400    0        6.2      379.5     2.56e+04
2021 10 14  2000   59501   72000    0        6.4      380.0     2.77e+04
2021 10 14  2100   59501   75600    0        6.2      382.7     3.15e+04
2021 10 14  2200   59501   79200    0        8.4      377.0     2.30e+04
2021 10 14  2300   59501   82800    0        7.2      370.8     3.41e+04
2021 10 15  0000   59502       0    0        3.3      376.3     5.25e+04
2021 10 15  0100   59502    3600    0        3.6      377.2     5.44e+04
2021 10 15  0200   59502    7200    0        3.7      382.6     5.76e+04
2021 10 15  0300   59502   10800    0        3.7      389.3     6.32e+04
2021 10 15  0400   59502   14400    0        4.1      382.5     6.18e+04
2021 10 15  0500   59502   18000    0        3.6      377.3     5.52e+04
2021 10 15  0600   59502   21600    0        4.0      382.4     6.56e+04
2021 10 15  0700   59502   25200    0        3.4      375.9     5.55e+04
2021 10 15  0800   59502   28800    0        4.2      379.2     5.86e+04
2021 10 15  0900   59502   32400    0        5.1      369.1     4.02e+04
2021 10 15  1000   59502   36000    0        4.6      358.5     3.42e+04
2021 10 15  1100   59502   39600    0        3.9      353.1     3.56e+04
2021 10 15  1200   59502   43200    0        3.3      346.3     3.75e+04
2021 10 15  1300   59502   46800    0        3.4      347.4     3.50e+04
2021 10 15  1400   59502   50400    0        3.6      350.0     3.41e+04
2021 10 15  1500   59502   54000    0        3.9      351.2     3.17e+04
2021 10 15  1600   59502   57600    0        3.9      353.0     3.22e+04
2021 10 15  1700   59502   61200    0        4.5      357.3     3.29e+04
2021 10 15  1800   59502   64800    0        3.3      351.0     4.25e+04
2021 10 15  1900   59502   68400    0        2.6      356.4     4.93e+04
2021 10 15  2000   59502   72000    1        1.9      358.2     5.52e+04
2021 10 15  2100   59502   75600    0        0.8      349.5     6.65e+04
2021 10 15  2200   59502   79200    0        1.0      357.2     6.49e+04
2021 10 15  2300   59502   82800    0        0.7      335.7     1.12e+05
2021 10 16  0000   59503       0    0        1.8      360.3     5.97e+04
2021 10 16  0100   59503    3600    0        4.5      381.9     6.36e+04
2021 10 16  0200   59503    7200    0        5.6      362.8     7.04e+04
2021 10 16  0300   59503   10800    0        5.4      369.5     8.18e+04
2021 10 16  0400   59503   14400    0        5.1      371.5     7.81e+04
2021 10 16  0500   59503   18000    0        6.1      388.9     6.17e+04
2021 10 16  0600   59503   21600    0        6.8      395.2     5.92e+04
2021 10 16  0700   59503   25200    3    -9999.9    -9999.9    -1.00e+05
2021 10 16  0800   59503   28800    0        8.7      413.7     3.56e+04
2021 10 16  0900   59503   32400    0        6.9      405.2     3.44e+04
2021 10 16  1000   59503   36000    0        7.0      394.2     3.75e+04
2021 10 16  1100   59503   39600    0        7.4      394.9     4.11e+04
2021 10 16  1200   59503   43200    0        7.1      395.6     3.94e+04
2021 10 16  1300   59503   46800    9    -9999.9    -9999.9    -1.00e+05
2021 10 16  1400   59503   50400    0        7.1      390.6     3.37e+04
2021 10 16  1500   59503   54000    0       15.3      389.9     2.22e+04
2021 10 16  1600   59503   57600    0       10.9      384.0     1.17e+04
2021 10 16  1700   59503   61200    0        4.8      383.0     2.04e+04
2021 10 16  1800   59503   64800    0        5.1      382.0     2.04e+04
2021 10 16  1900   59503   68400    0        3.0      382.9     2.60e+04
2021 10 16  2000   59503   72000    1        1.8      383.9     4.41e+04
2021 10 16  2100   59503   75600    9    -9999.9    -9999.9    -1.00e+05
2021 10 16  2200   59503   79200    9    -9999.9    -9999.9    -1.00e+05
2021 10 16  2300   59503   82800    9    -9999.9    -9999.9    -1.00e+05
2021 10 17  0000   59504       0    9    -9999.9    -9999.9    -1.00e+05
2021 10 17  0100   59504    3600    9    -9999.9    -9999.9    -1.00e+05
2021 10 17  0200   59504    7200    9    -9999.9    -9999.9    -1.00e+05
2021 10 17  0300   59504   10800    9    -9999.9    -9999.9    -1.00e+05
2021 10 17  0400   59504   14400    9    -9999.9    -9999.9    -1.00e+05
2021 10 17  0500   59504   18000    0        8.3      374.0     3.37e+04
2021 10 17  0600   59504   21600    0        6.1      373.8     4.76e+04
2021 10 17  0700   59504   25200    0        4.3      375.6     4.66e+04
2021 10 17  0800   59504   28800    0        4.4      367.5     3.93e+04
2021 10 17  0900   59504   32400    0        2.3      364.7     1.88e+04
2021 10 17  1000   59504   36000    0        2.7      361.2     2.10e+04
2021 10 17  1100   59504   39600    0        1.9      357.8     2.99e+04
2021 10 17  1200   59504   43200    0        1.6      353.8     3.90e+04
2021 10 17  1300   59504   46800    0        1.7      353.9     3.14e+04
2021 10 17  1400   59504   50400    0        1.8      359.4     3.63e+04
2021 10 17  1500   59504   54000    0        1.9      352.8     3.96e+04
2021 10 17  1600   59504   57600    0        4.0      354.7     2.30e+04
2021 10 17  1700   59504   61200    0        3.1      352.1     3.42e+04
2021 10 17  1800   59504   64800    0        2.7      354.2     3.11e+04
2021 10 17  1900   59504   68400    0        5.7      356.5     1.66e+04
2021 10 17  2000   59504   72000    0        2.3      347.4     3.89e+04
2021 10 17  2100   59504   75600    0        0.9      358.4     7.49e+04
2021 10 17  2200   59504   79200    0        1.0      336.1     2.94e+04
2021 10 17  2300   59504   82800    9    -9999.9    -9999.9    -1.00e+05
2021 10 18  0000   59505       0    9    -9999.9    -9999.9    -1.00e+05
2021 10 18  0100   59505    3600    9    -9999.9    -9999.9    -1.00e+05
2021 10 18  0200   59505    7200    9    -9999.9    -9999.9    -1.00e+05
2021 10 18  0300   59505   10800    0        6.5      337.6     2.32e+04
2021 10 18  0400   59505   14400    0        6.2      335.4     2.22e+04
2021 10 18  0500   59505   18000    0        6.7      342.5     2.12e+04
2021 10 18  0600   59505   21600    0        7.1      350.8     1.62e+04
2021 10 18  0700   59505   25200    0        5.8      353.5     1.59e+04
2021 10 18  0800   59505   28800    0       10.5      359.8     2.13e+04
2021 10 18  0900   59505   32400    0       12.4      363.9     2.57e+04
2021 10 18  1000   59505   36000    0       15.3      368.4     4.46e+04
2021 10 18  1100   59505   39600    0        9.0      368.8     6.86e+04
2021 10 18  1200   59505   43200    0       13.2      377.0     6.94e+04
2021 10 18  1300   59505   46800    0       21.1      378.6     7.03e+04
2021 10 18  1400   59505   50400    0       17.3      374.6     7.58e+04
2021 10 18  1500   59505   54000    0       10.7      374.1     7.37e+04
2021 10 18  1600   59505   57600    0        7.4      367.6     7.21e+04
2021 10 18  1700   59505   61200    0       13.2      371.2     3.83e+04
2021 10 18  1800   59505   64800    0       10.5      374.0     3.57e+04
2021 10 18  1900   59505   68400    9    -9999.9    -9999.9    -1.00e+05
2021 10 18  2000   59505   72000    9    -9999.9    -9999.9    -1.00e+05
2021 10 18  2100   59505   75600    0        2.5      369.8     4.51e+04
2021 10 18  2200   59505   79200    0        1.9      367.7     6.66e+04
2021 10 18  2300   59505   82800    0        4.2      388.8     9.97e+04
2021 10 19  0000   59506       0    9    -9999.9    -9999.9    -1.00e+05
2021 10 19  0100   59506    3600    9    -9999.9    -9999.9    -1.00e+05
2021 10 19  0200   59506    7200    9    -9999.9    -9999.9    -1.00e+05
2021 10 19  0300   59506   10800    0        3.8      375.9     9.23e+04
2021 10 19  0400   59506   14400    0        3.6      377.6     9.54e+04
2021 10 19  0500   59506   18000    0        4.0      369.8     7.96e+04
2021 10 19  0600   59506   21600    0        3.9      369.8     7.10e+04
2021 10 19  0700   59506   25200    0        4.9      364.4     6.78e+04
2021 10 19  0800   59506   28800    0        5.7      370.7     4.62e+04
2021 10 19  0900   59506   32400    0        4.3      357.5     5.71e+04
2021 10 19  1000   59506   36000    0        5.1      361.7     7.09e+04
2021 10 19  1100   59506   39600    0        6.2      379.9     1.08e+05
2021 10 19  1200   59506   43200    0        4.4      395.7     1.17e+05
2021 10 19  1300   59506   46800    0        6.5      402.7     8.57e+04
2021 10 19  1400   59506   50400    0       14.9      405.1     4.32e+04
2021 10 19  1500   59506   54000    0       13.1      402.1     3.67e+04
2021 10 19  1600   59506   57600    0       16.0      403.6     3.31e+04
2021 10 19  1700   59506   61200    0       15.2      402.8     2.63e+04
2021 10 19  1800   59506   64800    0       13.6      396.6     2.28e+04
2021 10 19  1900   59506   68400    0        7.5      383.8     6.44e+04
2021 10 19  2000   59506   72000    0        4.8      369.9     4.14e+04
2021 10 19  2100   59506   75600    0        3.7      394.9     6.50e+04
2021 10 19  2200   59506   79200    0        2.6      399.1     5.75e+04
2021 10 19  2300   59506   82800    0        3.7      398.8     5.00e+04
2021 10 20  0000   59507       0    9    -9999.9    -9999.9    -1.00e+05
2021 10 20  0100   59507    3600    9    -9999.9    -9999.9    -1.00e+05
2021 10 20  0200   59507    7200    9    -9999.9    -9999.9    -1.00e+05
2021 10 20  0300   59507   10800    1        2.4      408.3     1.20e+05
2021 10 20  0400   59507   14400    0        2.7      410.2     7.75e+04
2021 10 20  0500   59507   18000    0        1.4      397.7     5.29e+04
2021 10 20  0600   59507   21600    0        4.1      403.2     5.37e+04
2021 10 20  0700   59507   25200    0        3.3      400.2     5.50e+04
2021 10 20  0800   59507   28800    0        3.5      406.8     6.30e+04
2021 10 20  0900   59507   32400    0        3.0      399.3     5.45e+04
2021 10 20  1000   59507   36000    0        2.7      384.1     5.66e+04
2021 10 20  1100   59507   39600    0        2.6      380.6     4.06e+04
2021 10 20  1200   59507   43200    0        2.1      379.7     1.92e+04
2021 10 20  1300   59507   46800    0        3.3      380.7     2.33e+04
2021 10 20  1400   59507   50400    0        4.8      388.7     4.67e+04
2021 10 20  1500   59507   54000    0        9.0      381.4     3.33e+04
2021 10 20  1600   59507   57600    0        8.0      387.7     4.57e+04
2021 10 20  1700   59507   61200    0       11.3      382.3     4.01e+04
2021 10 20  1800   59507   64800    0       11.3      392.9     3.95e+04
2021 10 20  1900   59507   68400    0        5.3      414.6     7.53e+04
2021 10 20  2000   59507   72000    0        6.1      433.2     9.73e+04
2021 10 20  2100   59507   75600    0        2.7      442.9     5.46e+04
2021 10 20  2200   59507   79200    0        2.6      458.2     9.97e+04
2021 10 20  2300   59507   82800    0        0.4      494.2     2.15e+05
2021 10 21  0000   59508       0    9    -9999.9    -9999.9    -1.00e+05
2021 10 21  0100   59508    3600    9    -9999.9    -9999.9    -1.00e+05
2021 10 21  0200   59508    7200    0        2.7      536.3     3.40e+05
2021 10 21  0300   59508   10800    0        1.5      530.3     2.78e+05
2021 10 21  0400   59508   14400    0        0.8      536.8     2.47e+05
2021 10 21  0500   59508   18000    0        0.5      529.5     2.60e+05
2021 10 21  0600   59508   21600    0        0.8      534.3     2.33e+05
2021 10 21  0700   59508   25200    0        1.1      537.7     1.67e+05
2021 10 21  0800   59508   28800    9    -9999.9    -9999.9    -1.00e+05
2021 10 21  0900   59508   32400    9    -9999.9    -9999.9    -1.00e+05
2021 10 21  1000   59508   36000    9    -9999.9    -9999.9    -1.00e+05
2021 10 21  1100   59508   39600    0        0.3      505.8     2.63e+05
2021 10 21  1200   59508   43200    1        0.2      500.1     2.22e+05
2021 10 21  1300   59508   46800    0        0.3      477.1     1.70e+05
2021 10 21  1400   59508   50400    0        0.4      477.7     1.89e+05
2021 10 21  1500   59508   54000    0        0.5      505.4     1.52e+05
2021 10 21  1600   59508   57600    9    -9999.9    -9999.9    -1.00e+05
2021 10 21  1700   59508   61200    9    -9999.9    -9999.9    -1.00e+05
2021 10 21  1800   59508   64800    3    -9999.9    -9999.9    -1.00e+05
2021 10 21  1900   59508   68400    0        1.0      491.7     1.27e+05
2021 10 21  2000   59508   72000    1        0.5      485.4     9.21e+04
2021 10 21  2100   59508   75600    0        0.7      488.4     1.19e+05
2021 10 21  2200   59508   79200    0        0.5      480.5     1.28e+05
2021 10 21  2300   59508   82800    0        0.5      479.6     1.03e+05
2021 10 22  0000   59509       0    0        0.7      468.1     1.04e+05
2021 10 22  0100   59509    3600    0        0.5      462.2     1.07e+05
2021 10 22  0200   59509    7200    0        0.4      458.1     6.51e+04
2021 10 22  0300   59509   10800    0        0.2      457.1     8.46e+04
2021 10 22  0400   59509   14400    0        0.3      452.0     8.69e+04
2021 10 22  0500   59509   18000    0        0.3      457.3     1.18e+05
2021 10 22  0600   59509   21600    0        0.3      459.3     1.23e+05
2021 10 22  0700   59509   25200    0        0.2      454.0     1.28e+05
2021 10 22  0800   59509   28800    0        0.3      441.7     6.40e+04
2021 10 22  0900   59509   32400    0        0.9      443.5     3.72e+04
2021 10 22  1000   59509   36000    0        0.8      451.7     5.39e+04
2021 10 22  1100   59509   39600    0        0.6      458.2     8.05e+04
2021 10 22  1200   59509   43200    0        0.2      462.9     8.59e+04
2021 10 22  1300   59509   46800    0        0.5      465.5     7.87e+04
2021 10 22  1400   59509   50400    0        0.2      470.9     9.36e+04
2021 10 22  1500   59509   54000    0        0.3      468.6     8.56e+04
2021 10 22  1600   59509   57600    0        0.3      453.5     7.74e+04
2021 10 22  1700   59509   61200    0        1.0      451.6     5.55e+04
2021 10 22  1800   59509   64800    0        2.0      455.0     4.61e+04
2021 10 22  1900   59509   68400    0        3.1      445.7     7.56e+04
2021 10 22  2000   59509   72000    0        1.4      442.9     7.62e+04
2021 10 22  2100   59509   75600    0        0.8      441.6     7.94e+04
2021 10 22  2200   59509   79200    0        0.8      450.2     8.09e+04
2021 10 22  2300   59509   82800    0        0.6      448.3     7.57e+04
2021 10 23  0000   59510       0    0        0.6      454.2     8.33e+04
2021 10 23  0100   59510    3600    0        1.0      445.7     7.95e+04
2021 10 23  0200   59510    7200    0        0.9      442.6     4.80e+04
2021 10 23  0300   59510   10800    0        0.6      443.0     4.51e+04
2021 10 23  0400   59510   14400    0        0.9      434.2     4.09e+04
2021 10 23  0500   59510   18000    0        1.4      443.5     5.29e+04
2021 10 23  0600   59510   21600    0        0.7      442.6     4.62e+04
2021 10 23  0700   59510   25200    0        0.6      439.9     6.26e+04
2021 10 23  0800   59510   28800    0        0.4      431.7     7.21e+04
2021 10 23  0900   59510   32400    0        0.6      429.2     7.74e+04
2021 10 23  1000   59510   36000    0        0.9      405.4     5.86e+04
2021 10 23  1100   59510   39600    1        0.9      388.9     4.64e+04
2021 10 23  1200   59510   43200    0        0.7      373.0     4.28e+04
2021 10 23  1300   59510   46800    3    -9999.9    -9999.9    -1.00e+05
2021 10 23  1400   59510   50400    0        0.5      362.4     4.47e+04
2021 10 23  1500   59510   54000    1        0.5      359.0     4.62e+04
2021 10 23  1600   59510   57600    0        0.3      360.3     3.48e+04
2021 10 23  1700   59510   61200    1        1.9      358.9     3.63e+04
2021 10 23  1800   59510   64800    1        0.4      351.5     4.73e+04
2021 10 23  1900   59510   68400    1        0.4      354.4     3.63e+04
2021 10 23  2000   59510   72000    0        2.5      342.4     3.72e+04
2021 10 23  2100   59510   75600    0        0.5      341.5     4.60e+04
2021 10 23  2200   59510   79200    0        0.7      359.6     4.62e+04
2021 10 23  2300   59510   82800    0        1.3      363.6     3.50e+04
2021 10 24  0000   59511       0    0        2.1      355.7     3.80e+04
2021 10 24  0100   59511    3600    0        1.3      354.3     4.00e+04
2021 10 24  0200   59511    7200    0        0.5      347.7     4.49e+04
2021 10 24  0300   59511   10800    0        0.8      343.3     4.66e+04
2021 10 24  0400   59511   14400    0        1.0      334.7     3.91e+04
2021 10 24  0500   59511   18000    0        0.7      332.7     3.81e+04
2021 10 24  0600   59511   21600    0        1.0      338.2     4.37e+04
2021 10 24  0700   59511   25200    0        2.3      352.5     4.83e+04
2021 10 24  0800   59511   28800    1        3.6      355.7     6.63e+04
2021 10 24  0900   59511   32400    0        2.1      361.5     6.54e+04
2021 10 24  1000   59511   36000    1        2.5      361.4     6.42e+04
2021 10 24  1100   59511   39600    0        1.9      344.9     6.53e+04
2021 10 24  1200   59511   43200    0        1.3      354.4     6.01e+04
2021 10 24  1300   59511   46800    0        0.6      356.5     6.28e+04
2021 10 24  1400   59511   50400    0        0.4      355.1     5.48e+04
2021 10 24  1500   59511   54000    1        1.3      352.7     5.37e+04
2021 10 24  1600   59511   57600    1        0.2      346.7     5.27e+04
2021 10 24  1700   59511   61200    0        0.8      352.0     5.95e+04
2021 10 24  1800   59511   64800    0        3.6      346.9     5.69e+04
2021 10 24  1900   59511   68400    0        0.5      345.8     5.40e+04
2021 10 24  2000   59511   72000    0        1.7      357.5     5.77e+04
2021 10 24  2100   59511   75600    1        0.5      354.3     5.01e+04
2021 10 24  2200   59511   79200    0        0.7      356.7     4.83e+04
2021 10 24  2300   59511   82800    0        0.5      320.6     5.44e+04
2021 10 25  0000   59512       0    0        0.7      314.8     3.91e+04
2021 10 25  0100   59512    3600    0        0.8      310.6     2.69e+04
2021 10 25  0200   59512    7200    0        0.6      329.1     4.01e+04
2021 10 25  0300   59512   10800    0        0.8      326.1     2.39e+04
2021 10 25  0400   59512   14400    0        0.4      326.4     2.89e+04
2021 10 25  0500   59512   18000    0        0.5      313.5     2.18e+04
2021 10 25  0600   59512   21600    1        0.4      351.7     5.26e+04
2021 10 25  0700   59512   25200    0        0.7      317.0     2.80e+04
2021 10 25  0800   59512   28800    3    -9999.9    -9999.9    -1.00e+05
2021 10 25  0900   59512   32400    0        0.5      326.7     2.23e+04
2021 10 25  1000   59512   36000    0        1.1      337.2     3.56e+04
2021 10 25  1100   59512   39600    0        2.1      335.0     5.25e+04
2021 10 25  1200   59512   43200    0        2.3      332.0     4.24e+04
2021 10 25  1300   59512   46800    0        1.3      325.5     4.20e+04
2021 10 25  1400   59512   50400    0        8.7      338.6     5.65e+04
2021 10 25  1500   59512   54000    0       11.0      343.0     4.13e+04
2021 10 25  1600   59512   57600    0        7.7      344.5     4.23e+04
2021 10 25  1700   59512   61200    0        5.6      342.5     4.27e+04
2021 10 25  1800   59512   64800    0        4.8      341.4     5.57e+04
2021 10 25  1900   59512   68400    0        3.6      338.4     3.35e+04
2021 10 25  2000   59512   72000    0        4.7      338.0     3.89e+04
2021 10 25  2100   59512   75600    1        6.0      339.0     3.05e+04
2021 10 25  2200   59512   79200    0        5.5      340.9     3.30e+04
2021 10 25  2300   59512   82800    0        3.7      334.5     4.96e+04
2021 10 26  0000   59513       0    0        4.6      352.4     5.17e+04
2021 10 26  0100   59513    3600    0        4.3      350.8     5.52e+04
2021 10 26  0200   59513    7200    0        5.7      348.6     4.96e+04
2021 10 26  0300   59513   10800    0        4.2      348.0     5.23e+04
2021 10 26  0400   59513   14400    0        3.0      333.3     6.49e+04
2021 10 26  0500   59513   18000    0        3.0      324.9     6.11e+04
2021 10 26  0600   59513   21600    0        2.1      336.9     5.18e+04
2021 10 26  0700   59513   25200    0        1.8      336.4     5.45e+04
2021 10 26  0800   59513   28800    0        1.7      336.0     6.08e+04
2021 10 26  0900   59513   32400    0        1.1      346.6     6.52e+04
2021 10 26  1000   59513   36000    0        4.0      339.7     5.90e+04
2021 10 26  1100   59513   39600    0        2.0      347.1     6.28e+04
2021 10 26  1200   59513   43200    0        1.5      349.1     6.11e+04
2021 10 26  1300   59513   46800    0        2.1      348.9     5.14e+04
2021 10 26  1400   59513   50400    0        2.5      356.9     4.09e+04
2021 10 26  1500   59513   54000    9    -9999.9    -9999.9    -1.00e+05
2021 10 26  1600   59513   57600    9    -9999.9    -9999.9    -1.00e+05
2021 10 26  1700   59513   61200    9    -9999.9    -9999.9    -1.00e+05
2021 10 26  1800   59513   64800    1        2.0      325.4     4.31e+04
2021 10 26  1900   59513   68400    0        2.2      332.2     4.77e+04
2021 10 26  2000   59513   72000    0        1.1      343.8     6.12e+04
2021 10 26  2100   59513   75600    0        3.1      328.8     6.03e+04
2021 10 26  2200   59513   79200    0        2.0      348.8     6.36e+04
2021 10 26  2300   59513   82800    0        0.5      372.3     6.51e+04
2021 10 27  0000   59514       0    0        1.1      364.2     6.31e+04
2021 10 27  0100   59514    3600    0        0.8      371.6     6.63e+04
2021 10 27  0200   59514    7200    0        0.4      381.8     6.50e+04
2021 10 27  0300   59514   10800    0        0.4      383.9     5.98e+04
2021 10 27  0400   59514   14400    0        0.4      377.5     5.05e+04
2021 10 27  0500   59514   18000    0        0.8      377.2     4.97e+04
2021 10 27  0600   59514   21600    1        0.7      373.6     3.44e+04
2021 10 27  0700   59514   25200    0        1.3      368.8     3.19e+04
2021 10 27  0800   59514   28800    3    -9999.9    -9999.9    -1.00e+05
2021 10 27  0900   59514   32400    0        0.5      373.6     3.99e+04
2021 10 27  1000   59514   36000    0        0.3      370.2     2.38e+04
2021 10 27  1100   59514   39600    0        0.5      364.4     2.82e+04
2021 10 27  1200   59514   43200    0        0.5      357.7     3.43e+04
2021 10 27  1300   59514   46800    0        0.6      359.2     3.29e+04
2021 10 27  1400   59514   50400    0        0.6      356.5     4.10e+04
2021 10 27  1500   59514   54000    0        0.9      358.2     3.77e+04
2021 10 27  1600   59514   57600    0        0.9      358.3     3.82e+04
2021 10 27  1700   59514   61200    0        0.8      361.7     3.55e+04
2021 10 27  1800   59514   64800    1        1.0      358.1     2.96e+04
2021 10 27  1900   59514   68400    0        0.8      358.3     4.01e+04
2021 10 27  2000   59514   72000    1        0.9      356.2     3.32e+04
2021 10 27  2100   59514   75600    0        3.4      357.6     3.88e+04
2021 10 27  2200   59514   79200    0        0.8      348.2     3.66e+04
2021 10 27  2300   59514   82800    0        0.7      343.9     3.34e+04
2021 10 28  0000   59515       0    0        0.8      325.1     1.41e+04
2021 10 28  0100   59515    3600    0        0.7      318.9    -1.00e+05
2021 10 28  0200   59515    7200    0        0.7      315.1    -1.00e+05
2021 10 28  0300   59515   10800    1        0.7      313.2    -1.00e+05
2021 10 28  0400   59515   14400    0        0.7      311.4    -1.00e+05
2021 10 28  0500   59515   18000    0        0.8      308.9     1.12e+04
2021 10 28  0600   59515   21600    0        0.9      304.5     1.72e+04
2021 10 28  0700   59515   25200    0        2.5      304.4     1.35e+04
2021 10 28  0800   59515   28800    0        3.3      299.4     1.32e+04
2021 10 28  0900   59515   32400    0        1.6      300.5     1.17e+04
2021 10 28  1000   59515   36000    0        2.0      301.1     1.20e+04
2021 10 28  1100   59515   39600    1        1.7      302.6     1.41e+04
2021 10 28  1200   59515   43200    1        1.8      302.4     1.33e+04
2021 10 28  1300   59515   46800    1        2.1      299.0     1.28e+04
2021 10 28  1400   59515   50400    0        2.8      295.3     1.47e+04
2021 10 28  1500   59515   54000    0        3.3      299.9     1.34e+04
2021 10 28  1600   59515   57600    0        2.2      300.1     5.79e+04
2021 10 28  1700   59515   61200    0        7.8      299.5     1.27e+04
2021 10 28  1800   59515   64800    0        2.4      306.0     1.35e+04
2021 10 28  1900   59515   68400    0        3.0      304.7     1.71e+04
2021 10 28  2000   59515   72000    0        3.4      300.0     2.08e+04
2021 10 28  2100   59515   75600    0        3.3      296.3     2.04e+04
2021 10 28  2200   59515   79200    3    -9999.9    -9999.9    -1.00e+05
2021 10 28  2300   59515   82800    0        3.3      290.3     1.68e+04
2021 10 29  0000   59516       0    0        2.9      287.2     1.40e+04
2021 10 29  0100   59516    3600    0        3.5      289.2     1.69e+04
2021 10 29  0200   59516    7200    0        3.9      291.9     1.84e+04
2021 10 29  0300   59516   10800    0        4.0      295.4     2.10e+04
2021 10 29  0400   59516   14400    0        2.6      294.4     2.43e+04
2021 10 29  0500   59516   18000    0        2.1      287.9     2.75e+04
2021 10 29  0600   59516   21600    0        2.5      288.2     2.88e+04
2021 10 29  0700   59516   25200    0        2.1      283.3     2.35e+04
2021 10 29  0800   59516   28800    0        2.1      282.2     3.06e+04
2021 10 29  0900   59516   32400    0        1.9      279.7     3.00e+04
2021 10 29  1000   59516   36000    0        6.6      281.9     2.88e+04
2021 10 29  1100   59516   39600    0        2.7      284.4     2.30e+04
2021 10 29  1200   59516   43200    0        2.4      285.7     2.30e+04
2021 10 29  1300   59516   46800    0        2.9      290.5     2.19e+04
2021 10 29  1400   59516   50400    0        3.7      294.4     2.04e+04
2021 10 29  1500   59516   54000    0        5.3      295.5     1.81e+04
2021 10 29  1600   59516   57600    9    -9999.9    -9999.9    -1.00e+05
2021 10 29  1700   59516   61200    1        5.9      297.1     2.51e+04
2021 10 29  1800   59516   64800    0        7.2      298.6     2.72e+04
2021 10 29  1900   59516   68400    0        4.1      313.3     4.38e+04
2021 10 29  2000   59516   72000    0        6.7      315.0     4.13e+04
2021 10 29  2100   59516   75600    0        3.5      320.7     6.46e+04
2021 10 29  2200   59516   79200    1        3.9      325.6     7.09e+04
2021 10 29  2300   59516   82800    0        3.5      323.0     6.55e+04
2021 10 30  0000   59517       0    0        5.0      318.2     5.83e+04
2021 10 30  0100   59517    3600    3    -9999.9    -9999.9    -1.00e+05
2021 10 30  0200   59517    7200    0        3.7      311.2     4.86e+04
2021 10 30  0300   59517   10800    0        4.4      314.4     4.32e+04
2021 10 30  0400   59517   14400    0        3.6      309.3     1.90e+04
2021 10 30  0500   59517   18000    0        4.3      306.1     2.34e+04
2021 10 30  0600   59517   21600    0        5.5      301.3     2.45e+04
2021 10 30  0700   59517   25200    0        5.8      305.0     2.48e+04
2021 10 30  0800   59517   28800    0        4.9      311.9     2.60e+04
2021 10 30  0900   59517   32400    0        5.5      313.1     3.62e+04
2021 10 30  1000   59517   36000    0        5.5      315.9     3.14e+04
2021 10 30  1100   59517   39600    0        7.5      320.1     2.86e+04
2021 10 30  1200   59517   43200    0        8.3      318.6     2.43e+04
2021 10 30  1300   59517   46800    0        9.0      319.7     2.16e+04
2021 10 30  1400   59517   50400    0        8.8      321.9     2.15e+04
2021 10 30  1500   59517   54000    0        7.4      321.5     1.94e+04
2021 10 30  1600   59517   57600    0        4.6      337.6     2.93e+04
2021 10 30  1700   59517   61200    6        9.9      349.7     5.27e+04
2021 10 30  1800   59517   64800    0       14.6      343.7     6.14e+04
2021 10 30  1900   59517   68400    1        5.9      362.9     8.98e+04
2021 10 30  2000   59517   72000    1        1.4      374.3     7.36e+04
2021 10 30  2100   59517   75600    0        1.7      369.1     8.74e+04
2021 10 30  2200   59517   79200    0        2.2      378.1     8.59e+04
2021 10 30  2300   59517   82800    0        0.6      365.5     8.13e+04
2021 10 31  0000   59518       0    0        0.4      374.7     5.81e+04
2021 10 31  0100   59518    3600    0        1.5      392.9     7.78e+04
2021 10 31  0200   59518    7200    0        0.8      392.9     1.28e+05
2021 10 31  0300   59518   10800    0        1.1      384.2     8.18e+04
2021 10 31  0400   59518   14400    0        0.8      384.1     1.04e+05
2021 10 31  0500   59518   18000    0        0.6      380.4     1.25e+05
2021 10 31  0600   59518   21600    0        0.7      384.7     1.81e+05
2021 10 31  0700   59518   25200    0        0.5      379.0     1.08e+05
2021 10 31  0800   59518   28800    0        0.3      368.9     7.51e+04
2021 10 31  0900   59518   32400    0        4.5      393.8     8.96e+04
2021 10 31  1000   59518   36000    0       10.8      423.2     1.11e+05
2021 10 31  1100   59518   39600    0       11.7      437.3     1.00e+05
2021 10 31  1200   59518   43200    0        8.8      435.4     9.93e+04
2021 10 31  1300   59518   46800    0        6.6      434.5     1.37e+05
2021 10 31  1400   59518   50400    0        8.1      427.6     1.02e+05
2021 10 31  1500   59518   54000    0       10.4      433.5     1.18e+05
2021 10 31  1600   59518   57600    0        8.8      418.7     1.14e+05
2021 10 31  1700   59518   61200    0        8.3      433.5     7.78e+04
2021 10 31  1800   59518   64800    0        7.4      423.2     8.73e+04
2021 10 31  1900   59518   68400    1        6.0      439.2     9.33e+04
2021 10 31  2000   59518   72000    3    -9999.9    -9999.9    -1.00e+05
2021 10 31  2100   59518   75600    0        9.2      437.3     1.30e+05
2021 10 31  2200   59518   79200    0        9.5      431.8     1.07e+05
2021 10 31  2300   59518   82800    0       10.7      420.2     1.02e+05
